13383
67819
321022
54391
21982
12305
18791
11966
11749
20320
20250
56454
13723
105727
16956
19241
16210
18146
20969
14230
56258
20249
52502
22152
18826
18417
20230
16592
12484
15251
56463
16007
66848
12527
19324
11502
22631
16948
12444
626534
22146
19122
11803
11750
22330
20317
27276
52830
108124
66826
18194
434782
11867
12227
12334
64058
56692
18822
56722
22235
116847
12925
11974
17159
21923
16784
26395
106529
84004
68294
170625
13032
80889
12521
18611
11430
66905
12359
67951
12955
11841
269593
66154
12452
83493
107358
67844
73723
13730
18950
14873
18024
54132
17387
19376
93692
20377
54720
13078
20514
20535
59048
114584
20378
20720
13595
94178
26432
12257
67388
26416
66646
11886
12831
106073
56213
18391
171580
20194
114143
12971
54637
11477
624784
545124
21665
68659
13025
13024
57342
56700
18010
65107
12028
55983
20844
80285
67963
18220
101502
66199
50909
30928
15529
80888
58859
11989
80890
51800
53945
66212
19672
13732
94242
102857
56292
57875
18452
14038
69660
27373
110454
66071
26908
14085
71929
65106
12333
17385
66120
68303
26561
21937
100340
14368
192156
18746
56742
12390
29875
12069
14733
66922
170439
14066
12443
16795
70445
21809
66508
13030
12870
16419
13709
13685
52163
19212
20652
19294
14719
14042
64143
18764
66427
67089
67260
85031
54396
23970
16500
26943
97064
110956
67305
170753
12722
18655
21927
64138
15490
94280
22359
12797
30794
67399
14600
14595
12874
20893
16998
13848
16997
12632
319181
319179
68024
20448
66106
19664
240832
17355
21804
16772
15199
72289
75751
74140
110829
14469
11605
18600
23849
15958
66889
14155
66522
66179
54646
54638
15200
13036
78560
22661
68117
55932
11492
16573
20502
20130
56358
57266
27059
14594
18550
57265
105785
17868
18597
52653
27279
12814
100042025
654472
433273
378954
14433
18128
66302
17475
66975
18414
74287
12846
18590
12630
20845
57816
60527
11977
66815
12558
67064
11830
15944
22785
14463
27361
12608
18484
50790
67448
20513
239510
12042
22294
433406
19243
50527
70415
56715
18788
21859
12306
20716
66082
66789
54635
18787
26466
13527
20742
20163
18718
66320
20972
26427
269823
14726
67669
13476
13874
619973
66612
16155
67075
14696
106014
21985
14593
108160
66335
19352
16852
13642
15937
56312
67028
53867
22004
15926
226255
12913
22433
16987
66629
74646
17886
52440
76916
20296
14675
17527
14489
13132
14528
20229
192216
73379
14468
67117
11820
22320
16848
21803
19124
66253
11443
100504089
56398
22628
67268
12450
19268
18767
100862175
56334
54195
233637
19230
21812
20619
16172
12488
22339
24059
20846
20440
54366
50786
22589
16911
107765
94216
17260
230721
671878
20603
16452
14735
16449
68585
14766
13836
16410
16878
16859
11746
20306
17258
16891
71934
13043
16391
20200
16533
56376
56401
68355
50493
16599
16905
12575
55988
27355
21825
21356
17698
23821
18719
11303
16180
59043
17755
26905
14701
20297
16323
56490
13363
12064
109754
14381
14380
13167
12832
12388
65972
13014
11568
12361
13121
17760
12946
21826
56212
11717
56277
20723
58809
26921
11622
15216
108058
20706
20336
65112
20897
24136
67005
67903
94192
58207
19072
83554
20708
18003
170460
64929
20416
12394
171180
15507
23959
17380
171210
26897
100505386
30953
52700
114863
22003
11843
12343
16009
68157
66616
66234
58220
54712
12609
21808
66469
16402
83814
18130
106878
21983
50918
53378
67458
121021
13244
56468
107522
17131
29876
110196
20822
60595
68652
20321
83675
67468
21345
30956
56516
55963
56316
99899
11307
57357
29817
68089
19878
59126
50706
100604
52858
12842
67398
66151
56248
75909
26949
12505
217353
109042
319554
232023
101118
68151
14104
68939
208795
226519
52118
320078
73836
213019
213539
12266
76893
68048
171486
66940
68833
100041680
71973
50908
14182
12827
230257
102644
12476
69590
104771
16004
76763
66868
12835
103743
109905
259300
67998
66248
29858
76281
74166
67896
71228
19219
231440
75687
21753
71704
102643184
667952
433297
17904
70380
19108
72519
67013
228359
74257
13664
210029
71703
104445
100017
30791
66902
102693
207565
76355
100169864
27643
20198
12370
69085
70747
73130
74480
30937
58911
70110
70423
72287
227960
12393
83921
232086
16562
268564
109624
28193
67171
54636
16775
105439
227612
211770
19266
217430
13649
17869
20682
66898
226548
78100
12633
68995
108735
21351
15007
212442
67466
66552
50782
22174
229877
13731
14972
29807
14465
12830
14538
18933
226178
30948
20908
19042
14980
14964
22041
20818
67860
11747
67878
66058
74551
66854
14862
19663
54325
83965
11651
64685
21807
66074
56177
234878
19165
14118
21428
56375
235041
21817
216961
81910
18571
74144
67776
107869
212307
20226
260299
20955
71586
11658
12826
20852
74030
20187
74117
21813
29864
67956
108037
74122
72759
233806
106064
216558
22710
224023
18451
21346
71946
74617
100043915
100043387
100043381
100039123
100039060
668039
668030
627914
627901
107029
20848
20525
11836
24014
70497
14268
17164
230157
236539
223978
11603
192176
20787
71914
11787
71994
23871
14852
20788
286940
269424
108148
103806
13138
217333
20362
227737
15259
17967
13445
211286
114774
215819
50766
12822
622335
73112
98711
69608
100129
77113
219151
213053
16543
228140
223693
17476
320184
224826
16164
216616
100532
13003
59069
226101
13052
230810
22151
353208
109711
12153
229731
52696
13654
57783
16819
16412
68603
109857
104215
230709
319269
71739
71719
67048
78913
26901
75668
68682
433256
66961
57912
67041
71910
14739
16423
67912
76574
74159
67068
69675
72201
75717
68559
67391
15473
14628
68262
74142
71435
52635
15258
78830
67006
76080
20411
71720
67876
76561
70750
100042498
68490
67938
67168
69156
74051
71675
74442
70223
17161
72275
69202
69938
100039257
100039192
66039
69146
23888
226470
73712
19087
75723
76306
71306
215436
69226
329260
320213
319520
12070
11426
78749
73124
16593
77032
58250
67972
14682
11517
74137
208440
77889
243219
67169
75124
66866
67451
69155
67454
52398
170459
12728
56194
108151
269198
22038
21676
74568
74256
100503949
100503353
100303732
667962
626848
545490
13999
75580
664862
83924
70417
70134
67125
214639
76093
245638
76441
76205
110006
101401
66871
53620
73569
21672
69186
100862072
94352
71982
76453
70310
15481
77519
100041932
224250
27984
68480
67374
56405
106572
28042
52428
72709
67834
66226
71111
380712
110959
76773
18113
50794
18491
208715
99382
238330
13822
209773
231549
218442
68861
228942
56336
227723
100434
73296
70834
75547
16589
12494
107351
240028
503610
64652
83679
72333
64945
280411
16978
320609
14107
72425
326618
107515
109284
75423
110380
70387
56878
234384
230866

18519
19889
104027
270066
77781
216724
78832
269204
17756
244954
407830
16206
66096
20947
75965
71371
246229
77300
97487
225020
106581
12816
241447
70676
20238
14313
72349
319518
224088
235293
12757
13557
21873
13867
19229
666468
331006
245007
225010
241296
13017
12751
217344
20356
11842
68897
170643
66689
14011
67154
270084
73132
18786
70827
65964
70737
236848
53382
235611
14960
432486
12571
233107
18187
11853
217517
14755
73251
226641
70568
229003
99470
338367
18481
54607
109620
78785
76626
67952
210146
234734
72544
107368
77951
17357
110460
319263
16151
68810
14678
269261
330635
83768
71302
227929
66500
328365
223739
56386
18798
319622
320070
269642
232533
109168
20773
72810
330177
12380
216725
353310
213827
216188
236899
192196
330256
78781
230815
68786
20649
70435
100039795
14455
320910
100503802
240725
67705
235505
19134
69399
98417
102103
108960
245038
53380
230073
94212
13175
210126
22418
243853
237500
72042
235461
105559
226250
270669
227620
52065
69181
18596
22333
50708
100862012
18477
14466
50523
319765
245386
18542
234214
240672
14679
14284
236285
56708
14362
242291
14062
12799
279653
26556
208647
328329
236727
56442
105787
11848
26896
231801
381066
66602
14239
233115
219140
212943
15212
76895
380959
100502854
12111
242083
76137
240168
380916
16179
232288
51792
231637
11740
100503659
77552
108946
67623
15115
545864
433745
27367
14824
16796
21855
218756
242687
399558
331401
233103
21928
18081
11727
110911
237107
72674
242466
228607
94089
65962
277010
19820
319277
13511
268527
282619
80914
217692
57764
237175
12662
245527
12293
231991
22341
12013
19106
16975
67622
12321
380702
67043
21769
399572
14457
68617
97998
327959
320191
319236
140484
21833
20591
237988
225845
72512
70564
21452
108012
224617
55936
13033
19025
29811
19349
16668
22228
20319
16952
14012
64540
18028
93695
55946
68119
24055
21894
22393
17965
27357
56532
26889
59125
99543
103213
13478
18783
20515
20973
22402
13601
13360
20597
16971
12297
14570
11790
13405
16525
639390
73094
67542
12457
106564
19659
12819
17936
20971
13713
19223
102614
268977
19141
12977
30940
18186
66536
27280
80879
22158
69581
18383
13171
12479
66357
74202
12579
66102
23827
54216
20750
67890
56016
67099
13666
12010
76294
66952
64292
15162
50799
19766
105844
14773
13197
102641046
667803
15040
54411
627110
73710
11973
17873
12367
98878
17087
15051
15039
15024
56348
22284
14369
13803
11513
23802
11487
192656
12828
81703
12332
105298
16835
67739
18591
110173
11732
65970
12192
13038
66641
23921
23908
192657
12552
12161
15364
22417
18158
75352
20210
12406
22350
22388
12035
16889
109552
17524
22343
18750
27377
17112
14718
12798
14275
66271
22436
21881
27061
77582
14567
24017
22323
23943
105859
192662
107702
77644
50784
192193
67010
16777
54135
68618
223669
231507
230514
226422
77037
69065
15976
226791
20698
227580
55992
26385
78609
73447
27410
50490
13614
16949
233328
74150
26900
114249
66958
100198
100910
73178
50884
66395
22288
72972
108150
20409
76707
223254
71323
212285
107568
54324
68178
108153
108902
99526
100504344
338365
29856
74245
18793
18438
66713
68728
70546
67533
70160
114715
52668
74325
67205
23962
77570
66681
667034
72018
18824
23882
72144
13057
107272
22240
216136
231070
225875
210998
11980
233733
208884
319876
110639
208177
100647
68521
102913
67732
99889
228061
17127
211948
22121
78908
12709
77929
242474
12631
67296
234839
12549
102371
270190
18720
110651
387609
22221
320024
234967
210808
105722
319939
353211
96957
19250
69219
228836
18129
26405
14367
320878
18214
546336
230857
241944
212326
212898
215690
15384
11641
270106
68059
14426
266781
245610
269514
74718
68539
243937
70354
50770
98403
667277
71785
69617
237082
68859
270685
26936
224796
19290
229228
16494
271849
80859
208431
12043
56289
140780
20430
20361
14043
68137
21857
12492
17257
102545
100039707
107885
80797
11745
58194
108909
100502897
277089
20195
67759
16332
320595
69094
72193
67939
330836
194126
245350
50768
209086
12041
11975
13610
28075
12400
