57437
52585
17222
11793
68365
19156
67128
72739
94064
13383
67819
26440
20224
23881
105348
67437
13016
59026
321022
66818
12847
50724
74252
12540
106298
81702
19349
54391
21982
66878
15441
107338
667118
70579
68693
20333
228994
17975
245688
56397
67416
101056240
170930
79560
20729
12305
60321
14609
20501
18791
227753
11800
11966
11749
51792
53610
20320
20250
28146
98386
67603
56454
16612
56442
68801
16833
17311
13723
12321
24063
22240
66092
12653
23971
20397
56615
16477
105727
16956
19241
22110
16210
15384
108156
18146
17357
17984
21958
67443
64074
100494
434434
110954
20969
17218
14755
433375
12876
14230
13728
19118
18555
64294
56258
20249
17118
52502
22152
67942
80517
18826
11364
101943
22329
12368
56338
22333
100862012
18477
18417
22629
17242
20230
13486
16592
14077
21847
12484
15251
56463
16007
67717
20393
50927
14248
66848
12263
19139
104130
66687
102334
12527
56421
12490
19324
22682
22022
11502
66118
50708
22631
66111
12868
13602
22166
16948
12444
14229
626534
22146
74155
19122
11803
17390
11750
72831
20383
15354
22330
11819
19357
23876
106572
53381
20317
69612
26450
100862258
619937
15289
19656
27276
19684
16832
11532
52830
108124
19062
12928
11826
66826
59025
14661
17149
17217
14314
18194
11522
434782
11867
432466
11898
12785
192185
12227
17219
12581
22154
12334
21877
67226
56325
56367
23872
67710
64058
56692
20102
66840
14450
18822
11757
13591
56722
11767
22235
22147
22144
104458
56772
70527
66222
11534
116847
66989
12925
11974
20430
12520
17319
17159
21923
16784
30058
26395
106529
84004
68294
170625
14228
15516
102641347
68197
14860
66631
22697
69071
50996
13032
17113
80889
15369
12521
12111
18611
11430
14863
100952
14862
20823
66905
271457
59016
12359
67951
19891
15936
54326
16434
18242
11475
12955
51793
11841
53872
30960
13205
11668
269593
99712
67043
56741
17448
66154
22129
12452
66269
19038
83493
18607
15370
107358
26426
16779
14086
20364
20747
67844
73723
13730
18950
14873
100683
112406
68114
20480
21652
18024
19988
54132
13663
67125
17279
101867
51797
110323
17387
12702
100043674
56438
17160
20692
19376
93692
20377
83396
54720
66445
52530
13078
58521
68738
16897
12258
66836
20514
15903
19744
20535
56485
16881
11576
29805
20912
59048
114584
11651
20378
13669
12850
20720
13595
94178
56175
11818
19299
14113
26432
12812
14234
14626
12257
54124
67388
74194
20713
26416
66646
52857
67564
67971
13644
67996
66867
21413
109672
13001
21974
11886
72399
12831
106073
56213
18391
53975
81489
68014
171580
20194
66449
67247
114143
27096
22390
12971
20324
18642
54637
18663
11477
15929
624784
545124
21665
14208
56298
68631
58800
68659
66483
19982
18073
17256
13025
13024
21841
59125
57342
68170
56700
18010
67547
65107
12028
68041
14866
18582
15468
98170
55983
26562
20531
14451
20316
30795
20844
64296
12068
12580
54152
12566
64099
17210
66540
80285
67963
18220
56758
22099
66148
53885
100043324
12177
60599
75710
67895
22384
80898
22194
235674
113868
19935
14977
106869
14219
353187
101502
14132
66537
56458
19261
17685
15114
59014
20598
27981
66199
20479
12908
50909
30928
15529
80888
13074
58859
69281
26972
11989
80890
66950
56452
53860
66515
51800
12122
67445
26446
237880
18673
66055
19186
53945
67211
13653
19317
21884
12033
20973
67628
66212
18472
20340
26919
19672
70025
54219
15512
13202
13732
66314
94242
23885
102857
56292
56431
269378
57875
18858
20817
18452
14038
52004
69660
101739
27998
53376
93730
27373
54120
16579
101488143
100503605
15130
15129
110454
621823
19188
59027
22200
66071
66913
26908
68721
68241
14085
71929
65106
12333
78255
17385
22793
19820
57815
106633
66120
107951
68303
56734
16438
26561
21937
50785
100040260
11908
68177
18005
100340
14368
192156
13405
18746
66834
56742
12390
54338
19725
27359
66849
59095
18616
17150
56315
19052
67245
22145
54725
29875
12069
14733
16600
66922
14456
75646
170439
14066
16476
18759
12443
66168
66191
14571
16795
70445
56535
21412
72584
21809
14712
66197
80876
66508
19737
30839
71538
73679
80859
13030
12870
21817
30945
116733
17089
14020
99167
59093
50525
16419
24060
13709
15201
20112
14840
66530
14360
14057
13685
67469
20315
68149
20341
14425
104086
56278
27078
14359
18627
52163
22209
20446
20496
17936
12778
83679
20686
67909
22092
16651
69178
12577
20971
29812
19212
50880
50915
14581
66593
14911
67182
14388
20652
19294
100637
59052
110257
15122
14719
60406
21681
108014
14042
54633
110095
64143
23790
18764
11614
107513
11722
66427
67452
67089
76238
94181
67103
22694
66566
67260
85031
50722
54396
56364
12661
56310
18400
23970
16500
16780
18784
26943
97064
110956
26912
14429
100040682
13885
59007
11833
24061
67305
101056308
101056060
101056018
100862371
100862360
100862346
100862320
100862283
100862225
100862135
100862092
100862091
100862083
100862062
100862045
100862028
100862009
100862006
100861942
100861937
100861923
100861905
100861896
100861889
100861879
100861867
100861860
100861828
100861824
100861821
100861817
100861769
100861748
100861743
100861720
100861709
100861704
100861677
100861667
100861611
100861599
100042669
100042619
100042563
100042550
100042537
100042512
100042475
100042440
100042428
100042401
100042321
100042268
100042080
100042013
100041922
100041913
100041789
100041682
100041284
100041256
100041223
100041168
100041141
100041080
100040991
100040911
100040786
100040744
100040636
100040595
100040564
100040429
100040418
100040400
100040031
100039876
100039810
100039753
100039614
100039602
100039574
100039523
100039444
100039393
100039294
100039209
100038944
434960
434935
382133
70009
170753
12722
19415
75469
18655
21927
64138
15490
14199
103136
66208
106947
66597
79043
64384
94280
107392
22789
22359
15893
100042342
100042114
100042055
71826
100502680
100042355
100040961
545578
22195
12428
12797
93835
67683
76044
13680
30794
16012
57431
59036
67311
13808
27999
12683
67399
14600
101476
27393
17190
106582
117109
16649
26363
22114
65963
54673
14595
80913
12874
20893
13190
16998
13848
68265
21844
16997
12632
12593
319181
319179
68024
20448
18186
68458
22230
66106
80515
21400
14853
19664
240832
22248
26926
17355
21804
50887
16772
142682
66684
15199
20683
19245
66706
72289
75751
74140
101497
11629
64136
171567
110829
12822
14469
11605
12909
18600
20807
20499
68097
26559
30959
64059
100043462
668830
621832
68051
11640
23849
19361
13641
14245
15958
54357
13350
26757
68231
26423
16870
66889
13177
14155
20768
20539
100134861
12895
12651
66522
66179
67269
17764
19895
27356
54646
54638
15200
16834
17235
22671
22702
100862446
434624
14325
13036
319192
30954
78560
22661
68117
75339
55932
27081
67557
11492
18584
21987
21930
71828
16573
54484
53331
103573
20502
20130
26968
11931
56358
57266
67015
27059
66993
66388
245944
14594
24084
22361
23893
14168
57442
21672
216233
56429
56274
17765
18550
18536
14105
57265
105785
19267
52504
52715
83767
76630
17868
102098
12344
58864
21755
18597
66870
52653
74202
27279
13139
26370
17349
16650
58233
12814
16596
26358
22025
140919
12745
59021
100042025
654472
433273
378954
14433
12759
20218
18128
93759
66109
15109
67946
56185
14421
665903
66373
66302
12753
54608
17475
66975
18414
21744
11838
15381
74287
12846
67384
18590
58804
75735
65086
12630
66326
21956
20845
22160
26879
67926
57816
56695
70928
19159
19256
17252
140486
52633
60527
11977
66815
66176
14809
60597
20404
20287
67304
268591
12558
67064
11830
11845
15944
67276
22785
19123
11832
79263
71724
170767
59004
14463
29813
67752
58867
11451
117148
22142
27361
80837
18515
54353
12608
18484
12162
50790
67448
21417
73916
15945
18030
20513
67694
56223
83984
56293
239510
27401
12042
105387
12606
12695
22294
18634
66607
68236
67636
93834
11470
16622
73297
53419
11643
433406
19243
20215
56356
50527
56473
70415
12995
18426
13823
22239
56715
68312
18788
21859
16618
13647
12306
20716
66082
66789
54635
15438
11481
664725
664723
66742
68678
56739
18787
100041548
622924
622306
67410
68026
20677
100037258
26466
50772
54367
14200
100042946
100042944
100042943
100042939
100042931
100042929
100042927
100042922
547160
547154
76383
100861978
100040048
100039939
100039863
20301
15259
100328588
14204
100040018
63986
71177
50723
56441
15586
12009
13527
84544
12467
22712
19735
20742
21399
20163
20638
18045
110074
19777
18718
66320
20972
78558
67082
26427
269823
66153
66717
14726
13972
16876
67483
73532
21645
170833
67669
93691
81840
192231
56515
110935
22380
23984
18968
13476
17427
17450
108161
53871
14387
13874
20690
22116
58522
17181
14678
619973
66612
56371
17344
16155
67075
67053
14696
14467
106014
21985
93757
14732
18459
27015
14593
55993
26382
108160
53857
16000
22756
12845
112418
67854
100042782
434728
434727
434726
83457
67395
13164
66335
53416
19352
16423
17248
66930
57444
16852
30046
12418
19889
26942
268527
30939
57256
66931
15482
23793
17293
94091
13642
19291
108062
15937
21887
192287
18295
27364
56312
50523
50501
19704
107227
67028
19126
53867
67331
66479
66732
13524
13137
83558
67537
66235
22004
67326
17918
30060
73366
11515
15926
16559
28000
12978
235320
72773
217069
15446
52014
226255
67988
98710
74102
18021
52666
12913
18518
22433
16987
17215
52609
83553
18035
50926
66423
66629
28088
18813
74646
17886
52440
224019
381827
71838
232717
76916
67402
67356
70392
14772
574437
22446
22445
53379
66712
60611
667250
627371
625328
544973
15081
15078
20450
20296
68018
14675
17527
67591
16578
67334
67119
110326
74469
66322
80384
22127
69287
66772
71090
14489
53605
94218
70078
13132
14528
20229
20910
68226
192216
93842
73379
246738
108699
14420
66356
14468
100502723
11448
20899
67343
12638
19883
83454
116732
75526
66471
12021
13984
18749
19244
67117
14797
11820
15481
22320
19290
14705
17126
59010
16848
21803
54562
66771
19124
66253
68232
11443
20392
20348
67358
19302
68243
104271
67430
68224
21463
56523
19057
19009
66123
22768
22767
17988
53422
192157
75541
80861
16617
14605
67749
67365
66747
66745
100862398
100862394
100862383
100862365
100042881
100042874
100042849
19657
66780
70935
114673
83559
59310
100504089
56398
12387
22628
67268
81535
20354
12450
67554
19268
24069
93737
13717
71835
18767
22666
100862175
56334
17354
54195
233637
19230
54401
15159
21812
20619
19330
15275
16172
12488
22339
17304
24059
20846
22284
21858
20440
54366
26419
50786
22589
11518
11789
60534
73940
13803
18408
11513
16911
18559
16569
66756
107765
104156
26360
94216
66011
66204
18704
55979
17260
14858
100042295
14857
16800
230721
106369
671878
20603
57258
56737
64144
14913
12757
84704
20646
16452
18676
56790
54352
13123
14735
16449
13516
74168
68585
14766
56697
58998
69125
18768
77945
13836
68178
18027
16801
50770
11489
17933
504193
73340
66654
16443
16410
23859
11920
16878
16859
11746
21410
20306
16195
17258
20810
16891
18036
17684
20739
29818
15192
16842
71934
67722
13043
16391
269204
17756
19258
19130
16475
67634
74053
269180
67663
56188
20200
17250
27274
17921
84035
27103
16533
56376
94109
56401
57908
140810
73419
68355
83561
107815
14536
67575
13840
50493
11642
18577
75870
67592
66784
17221
16619
67407
20415
26367
16599
64008
67552
22635
171382
13800
80982
16905
20671
71026
15487
76658
75185
12575
100041639
100041586
21647
14156
56427
22327
59029
14760
18507
14008
55988
27355
21825
21356
17698
14782
23821
16648
65960
18719
11303
16180
59043
20843
17755
14190
11491
65945
13168
14815
80985
56726
19336
15569
20444
26905
15064
116940
21406
18595
24056
20527
27368
26377
14701
72140
18637
12338
17999
12531
93790
14073
15161
68270
26987
16010
17119
11932
15273
20297
65098
19248
16323
56490
26876
14867
18640
67555
20851
19724
26365
13363
67115
14282
20357
53357
15371
16413
12064
11636
109754
20425
14697
67648
14812
100041352
21462
21461
67737
54405
18766
13549
76571
22668
14380
14381
11468
18101
625599
15202
74068
12315
12314
12313
21959
94180
60530
13167
12832
13849
12567
16403
26611
12388
18195
20610
56150
67196
18230
19063
12176
72129
20091
65972
13063
17128
56488
12175
105278
15312
93696
13014
108121
69274
11568
12361
20431
14081
12192
12373
22591
13121
12448
21954
15902
76378
21385
17760
14674
14431
23794
12946
18029
22632
21826
56212
11717
17122
12974
15528
17896
56469
108077
18285
56277
66641
19417
20723
58809
81799
432800
14009
59046
140488
15277
26921
75659
100043216
100042175
100042144
100042109
100039585
100039550
100039467
100039377
100039324
100039240
100039120
100039065
100039030
100039003
619991
546272
382277
22526
19012
11622
75555
54354
260409
50795
15216
11450
68121
20391
19207
19428
114875
108058
100043257
19652
56048
20706
11858
18760
57376
67800
65099
20336
68274
57776
65112
58226
66323
20897
17152
75657
75533
16322
56705
70508
110521
18679
24136
68468
114602
67005
64454
67903
13589
56403
17130
94192
545600
108143
114713
56299
58207
19072
66797
83554
20708
71777
116838
18003
16890
170460
13860
14119
64929
16532
73318
18753
20416
100862455
100044627
65019
12394
12817
54137
171180
19027
73173
54650
76055
19120
27281
22324
627081
574438
27084
17171
15507
13433
100041230
326620
326619
320332
319161
319160
319159
319158
319157
319156
319155
97122
69386
110957
27399
23959
17380
14724
64707
18707
56009
171210
26897
69367
14586
16453
16336
100505386
30953
114714
52700
58244
66882
114863
68092
22003
11843
12343
16009
13435
67661
68157
66588
66890
66616
66234
67952
19338
50875
14758
12339
14281
16367
12843
66105
66874
100037282
66832
55980
59050
54342
114715
81845
19070
24074
58220
11308
101314
15247
26369
99237
13619
54712
66624
67922
18120
67252
67978
64436
64011
12609
66998
14423
21781
18087
21808
66290
60510
15904
17330
66469
16402
83814
18130
19272
18738
12404
17294
27360
93836
106878
22135
22134
21983
50918
12495
68172
53378
67458
121021
13244
20334
56468
83691
107522
14265
103236
66935
70861
21766
17131
26431
29876
66881
11606
67057
26390
20588
110196
56503
65255
18617
18432
83946
20822
14859
59033
270166
60595
53328
102632565
100504173
19231
68652
20321
67932
56195
21969
83675
67468
57443
18032
66720
79459
67847
20678
21345
18111
54169
75089
14625
18074
30956
56380
66716
654467
545091
434858
15382
18567
56516
67645
20947
55963
15504
56316
99899
15980
16502
54003
67054
26444
67092
11307
12050
57357
14202
18108
50796
29817
26362
68089
19878
59126
67466
50706
16431
70599
100604
67845
21357
57911
12156
71354
11428
13207
69035
72098
69046
11928
19822
52858
70495
110391
232087
12842
67398
223732
230484
27055
67063
76267
15387
66151
67839
14958
110208
56248
75909
230908
52696
102866
26949
12793
19353
433287
236732
105245
228026
66141
68944
12505
217353
109042
11740
74270
66098
234664
232157
353172
112405
71514
319554
106795
232023
66126
101118
68151
14104
223601
108099
70456
67588
243371
434428
22143
219134
68939
15360
19215
232223
208795
225995
226519
434402
103140
14007
69632
52118
66058
226849
68938
320078
30853
52588
73836
52206
69259
213019
73737
213539
68634
68916
12266
76893
68048
67515
171486
110842
101706
67609
104175
66940
68833
78521
100041680
71973
76293
78802
225363
19347
71839
193813
72480
195733
225027
245877
50908
216395
12235
72017
14182
12827
66855
170707
216080
15894
218333
66569
71041
230257
17992
102644
12476
69590
15388
104771
109801
16004
16777
76763
66868
19285
12835
103743
109905
67177
106766
99377
259300
67998
66248
29858
76281
14651
74166
110446
67896
68948
71228
72124
93762
19219
231440
72018
78284
226419
68449
75687
192174
21753
71704
68713
69241
76483
319475
74091
102643184
667952
433297
17904
56041
73738
70380
23922
99011
19108
71805
72519
14629
67013
211896
228359
94249
17434
68001
216551
224619
57741
74257
74665
353237
353236
353235
353234
192164
192163
192161
116731
12943
12942
12941
12939
12937
12936
13664
67857
210711
226856
210029
235135
218793
104601
71703
104445
100017
52377
76779
230598
114679
66514
107747
52822
494448
76260
71966
72278
30791
66902
78752
226122
239706
230514
107769
72254
94088
107971
67298
67456
98682
102693
245841
207565
231832
67378
13012
54126
75458
216987
18300
433224
66084
225870
70294

76355
75104
100862369
100862329
100861966
100042275
100042254
100042168
100042159
100040722
100040698
100040606
100040533
100040482
100040448
668964
668963
668960
668958
630022
627264
546185
434725
71847
100169864
27643
15257
20198
223649
12370
100336
230996
69085
71132
11739
70747
73130
67286
229524
229782
259302
234733
74480
16456
30937
108138
58911
64297
233575
70110
28126
67254
69362
237052
67163
72599
70423
68520
72287
11471
66270
227960
232664
12393
209003
22709
68581
83921
75600
103534
216760
71775
67102
232086
246747
16562
231050
69368
268564
226830
75564
109624
73828
28193
67171
54636
76400
73598
11499
67684
16775
66813
70997
65113
105439
211401
93687
14194
227612
12454
76499
71336
231532
14455
68737
233064
26401
74486
19821
17025
211770
70021
19266
231042
72077
72324
217430
69297
69032
217732
13866
57261
20715
140740
22670
13649
13417
17869
67472
20682
66898
225745
107321
228543
69312
252868
226548
78832
22172
22171
78100
235582
12633
76416
21646
83885
68995
217379
235441
108735
54427
233833
68394
70873
66307
71474
76594
228139
94244
207818
80297
52793
21351
74760
72084
15007
212442
223648
72183
71893
245839
235628
13648
13646
78825
73373
77090
66552
67788
20975
27369
73368
78889
21830
50782
22174
12611
229877
19183
13731
218215
17771
230162
15223
225913
225004
110084
212670
140709
52670
241066
77485
77462
94040
104112
230789
19043
14972
19262
17876
17254
29807
26400
13525
103967
69179
26888
69810
69239
19726
20288
105005
14783
103583
14465
75826
234959
12830
231464
219135
73447
12166
19134
14538
107589
108155
218693
18933
226178
70103
30948
20908
19042
109135
14980
14964
22041
20818
29816
232943
67860
19712
11747
67878
219105
102641972
19271
23928
74551
66854
216274
19663
108100
235505
228662
65100
20443
68991
54325
12234
111368
26434
69786
109880
21388
68644
83965
67475
30054
64685
26931
67200
21807
57752
22256
12036
12829
66454
232196
66074
56177
231724
22217
234878
13007
14357
18551
237711
320225
19116
16882
19165
80906
16498
74720
66790
15901
14118
67198
224661
21428
56375
65971
22764
20874
235041
22431
12545
212190
69217
20679
18575
18286
18761
12616
217716
19775
12369
14579
224022
14747
217232
208263
226499
12380
67586
12295
27411
16524
216961
81910
212862
107587
12326
100503895
18571
252864
503692
13010
19046
74144
22634
234371
67542
67776
73381
13548
74199
26398
211556
14645
216869
29871
107869
212307
19128
223255
20226
394436
394435
394434
394433
394432
394430
94284
22236
260299
20955
226026
67883
71586
216560
225865
16773
21423
11658
80884
73503
69299
228136
170461
74478
664779
109910
68292
213760
12826
21917
15510
20852
74030
67420
20481
226442
75705
226169
66229
20187
74117
21813
29864
67956
13046
20744
71093
100502987
74213
108037
74122
72759
233806
26900
66375
18174
69482
18744
69617
83997
106064
216558
268566
21374
22710
15288
224023
72981
104884
69934
72425
227700
14580
109232
233276
18451
56057
12659
21346
71778
66505
67134
66251
22059
236733
71946
230661
66632
18648
74617
17292
100043915
100043387
100043381
100039123
100039060
668039
668030
627914
627901
107029
208449
20873
66461
26413
20848
71999
20525
11836
24014
633640
228880
234593
72930
70536
70497
78834
78697
233529
217410
14268
17164
230157
666422
236539
12764
223978
11603
170791
28185
192176
100042023
68036
104625
66945
20787
71517
259279
71914
170822
100121
11787
67760
67561
71994
23871
27388
14852
60364
216190
20788
71974
286940
269424
108148
17263
320727
99311
73390
103806
107767
73178
13138
70693
217333
23945
100861749
78887
100040970
108954
20362
97031
227737
17345
103554
106583
236790
229473
67967
229096
75387
56086
72479
16324
17967
208618
68477
13445
211286
102954
58242
75871
59057
114774
218518
16412
70829
108737
215819
69499
70572
12834
50766
73910
338521
228829
622335
73112
76108
98711
69608
100129
77113
224613
72826
65969
98432
230904
20620
14768
219151
70911
75991
213053
18619
16543
227699
319757
228140
75778
13681
223693
229722
236920
17476
71770
100732
74032
192196
72949
72155
75291
72795
654409
15511
320184
68339
224938
12040
108000
224826
16164
100503043
73677
237222
26568
216616
71991
245000
237246
320204
19876
110796
22289
50764
81896
216578
13206
100532
229791
56296
13003
21848
59069
231861
235132
70099
20957
218236
110651
226101
13052
100182
230810
319845
320720
100039934
100039890
100034729
666184
434865
434864
434863
382243
18422
22151
353208
76707
15401
74706
666339
108943
20937
71389
109711
140474
110835
52055
109181
75863
15400
20917
12153
98660
19893
69807
229731
11306
54141
20382
56631
16774
244867
98733
22202
68259
75745
22698
75388
75329
13136
23955
225997
14260
18028
13654
57783
211535
18987
70881
16819
11875
319188
280668
17165
12825
70552
68603
246154
74132
227733
67509
109857
72475
104215
230709
67727
319269
71739
71719
67048
192119
237504
232560
78913
26901
69837
109254
381760
100039551
245583
75668
208968
270624
110542
19328
74649
229600
212090
320214
77605
252866
71313
230143
68310
68839
69710
68682
66953
433256
66961
74006
72190
102641923
110809
11487
70551
72065
72543
74197
382423
70361
57912
67041
74105
66853
71735
52538
71910
14702
321000
68481
77040
328110
14739
71393
72149
66648
211255
74340
109246
406217
67872
67912
76574
109785
75292
432508
74159
68401
69091
74164
74355
69672
67068
69675
73991
76457
627828
229279
73699
67487
76485
72201
66899
72133
329540
347740
75717
70478
69639
75083
66491
66938
102638110
100861615
100504488
100169868
100042235
100042149
100042100
100042054
100041958
100041874
100041735
100041678
100041515
100041306
100041283
100041262
100041151
100041054
100041012
100040697
100040671
100040657
100038847
100036568
666329
545007
74747
68559
28036
76551
67538
76302
67391
66455
15473
70153
216505
76976
76219
14628
68262
78779
68219
72611
214742
74411
231712
67905
74309
74142
73247
15531
71435
93683
67723
381629
66496
71779
74493
72515
68404
78795
381668
77134
52635
72117
69587
68799
15258
67070
78830
67006
69953
70646
76080
77632
26932
66573
20411
19056
72549
71720
78482
67876
69456
384009
16974
66365
108147
67016
330814
68961
70237
67488
71876
74044
319387
75036
71691
76561
67604
77065
66733
71660
71667
69101
73681
66520
73046
72085
70750
100042498
68490
74154
70350
69993
71409
381337
75623
71837
67938
67168
67933
18844
68870
69156
74051
69181
74405
74377
107895
14679
18514
71675
68750
74442
382562
70223
17161
107771
72275
66921
104457
52898
74596
74075
100504687
751549
75957
69324
72180
69327
73139
69202
14583
69938
76722
629159
100039257
100039192
66039
76809
69310
13353
66926
67618
67893
66724
69146
68972
23888
226470
73712
19087
75723
105855
76960
76306
71306
215436
67543
243548
73287
75886
14461
67512
69226
69692
107823
329260
320213
319520
69478
68980
24115
12070
72567
11426
673094
19206
382620
223626
78749
75736
74463
74026
73124
16593
66146
69113
240263
68816
77032
58250
67039
69551
66873
69372
382245
74052
75502
67972
14682
231380
70930
66343
71233
53609
75504
69519
69339
16001
74360
66061
66329
320817
69325
75465
76408
67679
100503915
213109
67490
78283
74577
52231
11517
72927
71059
100616095
75974
109323
100504195
71854
69397
76479
74137
74277
68617
74600
71653
66910
208440
67454
654470
71254
109264
68553
75556
76405
22344
77889
243219
66336
76920
67803
70857
18415
72181
70549
67732
474156
70772
67169
71710
74407
75124
68800
73431
76382
71062
66866
75744
72022
209378
76366
240261
54392
71820
75472
67451
11881
216877
69155
73673
73047
69288
237759
69358
69585
70481
75216
100034360
52398
170459
110350
110593
66333
69871
66759
68128
59044
70458
71846
320429
73754
214944
69698
69716
19325
69219
74251
75753
67702
102638538
102637138
102632113
101055754
100862207
100861646
100042304
100042182
100042129
100041964
100041840
100041774
100041702
100041664
100041651
100041598
100041317
100041279
100041177
100041139
100041119
100041076
100040928
100040923
100040897
100040870
100040852
100039441
673676
666918
666765
666706
666549
665981
626456
622640
545013
544990
432825
108978
52009
71836
382406
386649
73470
72477
76572
74470
69317
66341
75785
75010
70426
68187
75939
69439
71827
75439
70425
71833
68970
70897
67664
12728
74441
69129
74286
76858
223527
71007
218294
66353
71086
69294
75841
21416
319263
67143
226562
56194
70894
71864
67157
108151
70422
66328
70891
73721
74050
66869
71829
384775
67141
269198
74437
69376
69423
67916
73845
22038
71831
76426
100502740
67750
75671
69034
71860
68112
21676
76380
74568
67652
70918
70887
73466
67320
73382
71242
75840
67246
320165
76967
73693
75196
11542
78414
74256
212391
70054
546347
76386
69416
67492
75444
100040882
74306
69453
74189
73137
70951
71206
71091
383348
75809
71970
76640
69371
73363
70617
74511
74645
78174
74149
73456
75510
71147
71967
67620
69363
75470
18786
100503949
100503353
100303732
667962
626848
545490
13999
67753
75580
75276
66586
56218
225049
70977
574405
574404
546325
434797
434795
69306
75471
71861
78785
68308
74356
78634
67071
104001
72569
98417
664862
83924
23950
71648
51938
76652
76183
71996
69291
71901
72221
70840
432516
69314
68625
70882
74434
75311
75667
75485
69382
641361
100310787
66722
66774
70417
76668
69665
227736
69329
71276
75524
73090
76705
75467
107566
74365
74281
70979
71185
67692
100504162
73634
74717
73344
74435
71844
66730
73886
69169
75568
69401
17761
73545
76407
68283
76389
74071
70060
71863
71183
70062
71870
72614
70134
76927
75622
70859
70993
108653
69841
69351
73526
100039045
664804
545739
73336
76399
74267
70948
100503856
666233
70365
71066
69307
75942
72000
76167
73862
73162
74409
214639
67059
72277
73533
66606
67325
75861
75906
73435
76872
75820
76093
72215
74420
71001
71300
73603
269701
71130
67593
75437
58810
70335
27784
245638
66605
233918
271564
66769
75116
74293
70696
67324
69318
71769
70419
66709
70069
321010
71063
73261
319211
73332
114672
73272
67072
66783
73808
73863
434234
74354
74692
70362
71017
71166
76615
73422
74076
76441
70900
71848
73429
76205
69286
69347
66291
78829
71175
71275
545951
101056186
100041722
666214
638262
100502700
100113398
110006
70699
71164
73472
101401
67080
100862085
67712
78257
72043
114671
73844
70871
74708
433646
70973
235043
75656
74472
71101
78911
74401
74419
74660
71270
102640368
73606
70920
100328574
73423
75835
74280
50540
73854
75173
66871
53620
627927
75509
70123
76686
320398
69528
71263
73852
73569
70073
70892
100040020
667256
635580
625713
625650
546397
434879
434874
78092
65247
71304
70396
67656
665270
69428
67583
78806
76156
71331
73914
73523
73813
74364
66715
70862
78016
73989
67647
235345
69441
75239
70615
78801
75808
71655
74386
66977
75530
26383
73994
78625
12916
103268
74711
56541
321013
381347
382077
74221
75610
70988
70909
67585
77595
78807
71208
76670
71149
77193
69404
75202
75075
56428
74890
72230
69186
100862072
94352
23986
15568
74229
70375
78651
71982
76453
74388
67501
72351
270049
70310
76286
75890
67646
69387
70261
76877
67329
76627
100040421
67188
19896
73467
75015
76816
75051
77519
100041932
76612
64339
29808
73338
74269
74239
71310
66595
320244
68701
23999
224250
71296
76832
209012
50876
67866
67894
27984
21340
70715
19296
75317
68480
74288
56453
28015
237336
67374
66494
56405
11861
74297
100049077
70864
73779
67639
70866
75799
71103
64580
71033
74726
71027
74367
70852
75090
75266
74408
70901
74687
71215
75125
74066
70952
74675
100503661
67944
77058
70966
353025
100313514
74668
74714
73809
74716
74092
58194
75341
71236
66435
69320
52023
69442
102636582
75050
73990
75368
74987
71298
75178
71156
75303
78767
385317
75335
59020
100504164
117600
71448
70846
100502590
629820
70960
67983
98366
67338
20403
73919
94353
69398
75497
28042
20687
52428
77059
75770
70884
75729
75829
100268169
78812
72709
74363
71176
74400
71830
75804
73412
74361
108812
100861987
74484
75773
75777
74466
70981
75800
74473
75901
74709
75813
74448
56846
75833
100503481
71067
71824
72972
74686
74715
75193
75789
71085
71097
73469
21945
74455
67834
102641289
100855
11876
71244
71153
74703
71287
75025
73281
73635
21689
74688
67773
16977
67747
66737
66786
74429
71099
94041
75879
71133
381110
73493
223825
668740
72881
71282
76856
71009
56874
66226
68133
75189
74446
74673
70004
74953
114873
71186
75859
75275
74881
71038
69369
75367
75281
71020
75207
71274
75043
74236
71111
76959
50505
75106
75787
380712
71096
70875
73481
74282
73388
78139
75064
73347
624286
110959
76573
74914
75263
71120
74080
73396
406209
102632135
214048
73392
75283
74303
665769
74460
71029
75087
71161
30050
320827
77318
72899
75071
109229
71138
668110
75538
70088
75272
75645
58206
73616
11816
73547
74227
67928
102632351
72248
73934
75234
20738
68107
69444
21756
76773
100303742
76411
75642
75188
75434
76992
74862
18113
73407
50794
77772
71184
78052
69384
75429
16604
78639
78478
76653
65246
114670
18491
71155
21951
71280
280667
70888
70929
69077
245595
102632493
75249
71237
228731
74389
75797
102640699
102639715
73602
240899
74465
102636340
70376
72226
75838
71127
75169
74628
76031
73781
76223
74867
71006
66833
75246
73955
74898
75082
75226
75011
100041379
67524
74662
74078
67668
70883
73920
75164
73589
52563
244810
266692
242521
208715
102941
99382
104718
230673
101602
238330
21414
66622
231997
75612
13822
234407
209773
229445
104662
110078
231549
100503799
671242
627375
15331
52250
98415
235623
433667
231858
269700
13617
246293
64602
101490
68743
231329
74427
78618
218442
269113
68861
238799
28006
19058
234023
217578
228942
211347
56336
101197
622531
276919
67201
227723
270110
218639
100434
73296
70834
218214
101543
208659
241303
433702
218035
108767
56399
215201
83673
320267
18576
380686
225929
27366
69276
57874
217882
12412
103172
75547
210998
11479
227446
100201
16589
12494
107351
223435
269470
240028
503610
20529
105559
71148
74648
64652
279766
72333
12934
226016
108927
64945
208292
269254
21814
105418
108841
18976
16451
246198
280411
72787
230125
218232
72007
223455
16978
75590
320609
232314
77480
268860
14107
105988
378937
100342
218975
326618
107515
103266
243574
328099
22319
77407
22121
109284
77371
100504230
209456
226098
75423
74038
93871
12562
27053
381113
109079
215748
170638
110380
233103
74477
16653
70387
71375
56878
234384
109077
214469
230866
56805
225523
54667
53902
18519
66884
12576
433470
29809
245607
233812
28018
17216
11569
237459
104027
270066
77781
225055
212531
12416
68350
227695
73068
232976
218454
216724
223593
60596
69662
629959
217708
245404
80289
231051
218952
20842
244954
407830
16206
66096
320060
116873
102643079
230751
18970
20516
75965
319944
74041
106557
319880
217893
100169
100042605
207278
73822
230101
231207
71371
83925
246229
227835
20365
245622
77300
12168
269941
100043805
100043670
66480
68465
236511
97487
66152
20203
209416
225020
101148
353282
109731
19270
235406
69311
319604
268903
106581
20662
17156
77286
228839
227449
114716
224273
12816
241447
70676
231946
14677
66129
223666
17295
320129
20238
230903
242819
14313
73945
72349
380629
319518
17261
117160
23972
102093
224088
235293
319758
108067
239435
53869
218734
70465
68729
11737
621976
215114
230796
13557
331623
21873
13867
69053
225358
76846
233899
114664
21372
268780
216527
229584
19229
78937
666468
76789
11593
76073
228491
331006
245007
225010
72193
241296
54616
13017
70675
207798
106757
245522
269209
207854
78892
217653
12751
320299
217344
93742
20356
218914
76800
380967
11842
14365
242584
68897
53330
170643
71213
75137
223828
22385
329739
56484
240087
68134
52808
245847
381510
66689
233280
12894
223827
216150
14011
100628599
239217
67154
19221
407790
52187
382252
14026
18007
233876
15227
66580
226123
270084
217378
74125
407786
67263
319586
66776
102124
241116
73132
236794
70827
69554
216285
94214
65964
215210
226970
74895
217695
71900
320117
230761
18193
78287
237422
116891
74393
381802
22654
27050
70737
18162
386463
20675
15525
330938
235330
231602
72729
108655
236848
227683
53382
407823
100710
22325
66663
107182
235611
387314
333182
230676
14960
210789
72504
20655
102635075
236312
68493
432486
243931
12571
233107
20591
18187
230700
213783
320869
233865
72108
382038
228911
22371
194590
244484
11853
217517
264134
235283
100502742
240084
75459
329828
13819
73251
223499
226641
70568
240660
229003
18712
99470
338367
68552
226757
319601
18481
54607
109620
270035
114642
215449
76626
68817
210146
234734
72544
239719
380836
381022
107368
237877
242894
77951
110460
107371
68564
70045
16151
68810
269261
229363
69256
328977
330635
214552
83768
100503868
71302
227929
78757
320295
66500
56543
619289
65970
328365
277396
103012
223739
20928
414872
229011
56386
107975
18798
319622
245860
234373
56449
246179
108030
68802
236904
320070
66752
102641248
17132
215693
100040608
269642
66200
338523
232533
99696
109168
71834
213484
211488
224481
12663
244891
237831
20773
72810
434128
330177
52864
18099
100502684
216725
74918
433700
239083
54651
353310
106326
320508
216543
217682
21894
269037
102058
213827
385668
269109
269610
239650
51902
72315
231570
216188
236899
75563
238405
238406
71169
330256
70472
13002
78781
230249
230815
192976
74735
68786
20649
235533
70435
100039795
320910
69480
67534
381922
100503802
208890
244608
68221
18245
432611
14660
268291
216766
244349
240725
13655
243912
652925
67705
67313
72657
100504527
232878
107173
70461
193736
320588
26556
239319
217935
27206
381112
67522
230234
231214
69399
193286
666145
72050
212163
210035
23863
73750
75488
102103
73824
108960
71268
208768
12014
243529
69126
245038
207521
53380
230073
94212
320162
70005
24064
231668
74230
243867
101100
207175
53621
68968
13175
108075
242253
75443
67045
100504156
407831
236792
210126
70292
241494
27528
11607
381598
71721
16601
20338
22418
434204
100503380
243853
105504
56526
237500
214704
17449
98558
72042
235461
320795
19216
13640
226250
270669
14030
227620
52065
72580
244178
68718
664726
664724
235067
71137
207181
385658
320946
236604
245386
215280
280635
209601
18596
195236
213988
329165
98496
68539
53814
272027
19826
18802
69481
12848
214253
14466
11835
68770
242726
330188
68922
73301
620631
98758
319765
252870
432879
213980
242408
72736
216825
108797
18542
211586
52679
213234
26414
234214
240672
218503
330277
211482
65020
14284
381269
108912
211922
407788
327824
213272
236285
56708
320752
14362
242291
108899
14062
52028
97165
27222
18552
12799
108888
13618
279653
76925
20907
208647
328329
320769
140780
236727
243996
26385
21810
104871
18453
229542
107652
100073351
320148
218832
11798
19059
105787
69941
80892
319618
75565
232973
432552
241850
381534
12193
237400
11848
26896
331401
231801
19035
73463
268491
104318
381066
234875
17931
213550
78523
83557
230145
67040
66602
56530
97243
76921
12385
231098
269954
14239
233115
219140
212943
235542
15212
76895
380959
100502854
327826
230770
207819
12737
74182
101055670
244179
104709
242891
226139
53817
100042663
69357
235072
52521
210106
665433
319191
319172
319171
319170
319168
319167
319166
319165
319164
242083
245474
76137
108853
240168
380916
67138
67330
101056057
668525
109222
233532
15245
223690
632687
22352
16179
72873
78933
231885
216805
232288
71151
20322
319196
116848
333433
381511
66460
226151
100043034
667666
442829
231637
76419
77832
71089
627191
100503659
100504121
73309
108682
15108
320634
269233
108089
319901
28135
216154
101631
77552
72505
66190
330914
100101919
227058
108946
194908
574428
67623
14000
15115
80707
432536
545864
433745
27367
21788
77018
69303
30933
75146
64660
237465
238663
619288
100504446
245308
12972
100165
14824
16796
230991
75823
21855
13610
19088
241576
233871
218756
319974
242687
399558
54131
320683
666945
327954
12828
69413
18124
56174
103080
100502820
71990
21928
242509
67642
244448
100038371
330096
18081
11727
109674
100504462
14205
110911
104184
73324
100042332
75641
11911
74468
228684
54446
328845
75453
237107
13178
72674
229474
66296
70408
52906
211651
242466
102640387
239591
18641
629141
228607
329679
329977
100040437
226418
385377
52020
233905
240069
433386
100126242
102634887
100126240
103405
73284
381157
94089
65962
243535
277010
73968
69955
21881
408058
67511
319277
231093
13511
67925
68233
78108
68893
432999
208748
76602
432995
78469
381107
100043911
231912
271639
102635192
282619
100862324
100862261
100862043
100043920
545611
433698
242669
224836
56771
70113
235631
80914
217692
103775
217648
57764
237175
194974
12662
24050
78102
207607
330427
243833
381979
100041660
633285
78619
78329
330577
76611
328633
244562
382113
245527
215332
244694
666504
100502982
56747
230793
69341
210982
66274
208990
78317
329738
108011
243725
102632386
545391
74682
329207
67769
332713
12293
102638080
627872
74362
52285
102640879
214105
666532
231991
224344
328573
329093
214106
666528
102636733
245423
140498
22341
67340
382010
69476
207686
21338
100040545
666744
69469
12013
78462
19106
16975
210145
67622
102638947
100048658
69433
78118
319673
72648
74684
65254
383075
94186
100861869
319960
228778
218921
213765
68986
103220
229644
320799
207921
208583
75323
216033
73894
380730
70957
332110
73432
380702
76624
75631
74174
69388
320022
541463
56149
12032
68558
21769
399572
212516
271981
619332
54004
14457
215999
269023
319154
319151
319150
319149
319148
260423
97114
15077
234135
243312
436090
239133
320696
330820
14814
67327
75058
76100
434439
380753
216974
102632897
381498
100043812
328330
101055837
330010
433844
100503961
102636217
102634243
330355
217341
100503727
237987
100042963
100503622
70363
106763
381522
100503490
97998
210172
327959
229588
102638722
18092
75500
69364
22275
74521
54189
320191
319236
239273
239731
140484
382090
279561
271005
234912
21833
403171
214444
13684
105445
385493
109314
98736
238317
320558
77417
381644
446210
68528
75099
232313
102639888
242126
244871
214137
380654
319207
73438
226265
75853
102640642
102631953
100302634
100113394
100503197
327992
545975
434130
76995
22717
414106
78212
66255
382231
102633824
237988
233810
320118
102634319
72588
234915
243897
102640589
211936
213450
380907
105245027
75136
225845
229550
215772
213409
73806
15182
268958
23997
71682
102635985
668310
238690
233813
208922
666842
382217
242800
100047123
78254
327760
75282
110083
272158
78809
320277
69700
100038614
102633575
381884
68466
11982
211484
105245474
71868
16407
446211
69108
72512
71069
75546
73558
70564
268706
241732
21452
75695
319190
18227
75395
665797
108012
102640144
101056144
100861715
100861635
100861610
100042539
100041536
100039331
665845
545614
545605
108816
100042472
208146
230657
223262
70097
100038947
668101
320832
224617
103844
19720
66317
104776
19119
20351
55936
22201
13033
12183
14566
56306
19025
67771
170731
170790
11669
66894
16002
29811
12366
16668
20439
22228
18817
108645
20319
64010
19166
16952
15368
18777
16785
71566
55949
19242
22223
14012
56200
12261
64540
56378
51789
93695
55946
68119
64075
17872
12903
24055
56550
22601
66446
78903
101185
104725
56382
19934
63958
22393
71952
17313
17965
27357
22644
16362
56532
15492
26889
114601
14121
99543
66164
11702
100163
67869
56496
20503
57316
103213
54388
21677
20832
21824
67678
66165
13478
18783
76497
20515
63985
54369
66642
50497
12833
56693
22402
19716
67337
22117
13601
13360
20597
23983
17692
57750
17158
13809
53893
21821
16971
12297
56812
14570
11790
57259
22193
73225
76279
16525
79554
15203
76522
56196
20849
639390
73094
12457
106564
26430
18952
15452
21912
57785
67731
19659
12819
20202
24135
67979
14319
66592
66857
100859931
64113
17470
13713
99662
54214
13070
18103
53602
19223
67204
56228
18604
19252
14235
50496
80880
102614
29869
268977
18260
19141
69354
16598
67299
20602
14187
18701
67027
67009
50492
111175
12977
17134
66205
68082
15185
74145
68067
100226
68240
30940
56018
17880
66536
19702
19701
66338
11363
17912
76113
27280
80879
654432
12228
22158
18643
15975
69581
12705
18383
16621
67653
22051
66143
13436
73804
494504
67077
54613
67150
53892
14615
26447
80877
56746
71207
11852
14784
13171
23807
19731
22751
12479
66357
12389
18132
76969
18685
77827
12579
67486
57746
22137
12427
53318
14151
59090
11801
66102
667035
78294
20454
17829
170762
107586
56522
23827
56517
26885
56691
53886
13389
74264
20085
73353
12724
54216
140557
20750
28081
67890
229521
14067
56016
67099
66346
13666
69301
13013
12010
12421
18573
16973
66391
72185
57756
434794
72891
27083
56524
23967
56626
76294
66952
110958
11910
20871
13179
23969
66740
22696
66729
11754
21961
54151
68058
67690
27390
64292
15162
74156
16624
102642634
101056173
100862366
100862345
100862075
100862059
100862042
100861899
100042565
100042337
100040714
100040335
100040262
100040223
100040171
100039595
100039034
100039014
665918
665687
665301
665276
382131
20611
58802
26448
50799
19766
67929
22115
105844
16646
13526
14773
13197
14789
20962
20834
102641046
667803
15040
66707
12805
14870
24057
102638039
54411
99138
109331
627110
73710
20280
11973
17873
66970
13404
73360
67344
666376
73553
12367
30840
98878
67073
17087
15051
15039
15024
67328
67580
17763
170483
54698
63857
668976
387588
67985
66611
80720
66763
69396
66256
67579
16202
13924
100040635
666040
331531
331529
83565
50874
14447
50873
18105
73495
71162
83564
56348
54609
53625
104099
11878
14369
269951
94275
67881
14751
23802
21415
192120
70127
22427
192656
16923
14683
27389
66761
83434
67981
17147
67637
68175
67590
81703
56430
12332
114640
105298
16835
56284
67739
18591
17533
20855
12402
58251
66468
16398
28169
22691
17144
17142
17141
17139
17138
17137
74915
83555
12824
12116
110173
11732
56017
70354
12807
13038
79401
21754
14390
12568
19386
16571
14227
54375
11504
23921
23908
81004
192657
58994
53604
13067
12552
12161
102247
56698
15364
22417
53614
14787
18158
75352
16866
56622
20210
14588
102634681
67248
12615
12406
22350
22388
21888
52120
56044
12035
16889
14763
109552
14841
11773
67382
29819
17524
66408
29877
22343
18949
18750
94061
18821
27377
18412
17112
18598
74114
14718
12798
57755
269224
14275
66501
66271
67507
22436
20451
67504
68192
56464
56637
67842
67014
27061
107569
17245
66758
66332
58869
20913
107272
77582
14567
24017
52468
100503670
668936
22323
23943
219072
226841
229615
14114
69940
73833
105859
72157
74775
192662
102747
76687
72354
107702
77644
71145
71949
50784
70012
210973
192193
227102
56807
19247
232232
22381
232441
67010
67255
214572
230233
54135
216739
319710
72621
225791
22758
20643
68618
73739
13039
76547
223669
69823
16330
231507
228769
230500
68047
210992
241274
226422
208211
77037
11870
69065
233016
67675
76295
232089
215707
217734
66049
216618
69538
11676
15976
109270
69459
68777
227746
226791
26565
100316903
231798
69674
75415
217887
110119
219249
75805
20909
77578
105833
216829
232934
20698
67685
227580
69379
20511
83703
73873
55992
57138
11656
14167
78609
18823
27410
266632
17425
18845
16561
13211
53415
50490
16907
231201
57748
27756
74754
17966
74136
11421
13614
58186
170772
67238
16949
213819
233328
69863
16825
19084
14793
70652
19047
227292
74150
67111
114893
108670
226351
114249
66704
16011
230753
210766
66958
72392
75512
20363
100198
16976
216705
50755
71881
99929
104418
100910
77305
50884
20916
227937
21763
20482
75758
223722
66395
104479
330662
22288
108911
67581
108150
20409
106042
70683
210376
76130
11692
13990
223254
20663
70625
71323
212285
20564
17919
107568
54324
217031
67155
380912
108153
100515
93747
108902
107684
214162
99526
193740
74055
60532
245865
100504344
338365
69706
29856
109979
78774
268469
237928
100379611
16563
74245
13396
16590
22695
18793
67736
18438
66713
72083
240913
72482
75462
208967
56309
68918
72562
70369
68728
67525
70546
110052
22042
68875
98932
107829
66810
69440
69724
100041530
100036569
100037283
68195
71843
75616
76737
67533
74315
27973
74205
71752
15469
71883
623898
545732
545728
70896
66765
75495
276852
70885
21843
76263
231670
69719
76089
64898
69784
75482
52592
28071
76486
233490
75480
11783
448850
117229
70160
12912
69987
64451
72107
76539
67078
213027
74424
546143
66264
74868
52668
240880
74410
67031
67170
67153
68744
74440
68222
69605
102641249
77381
77048
73549
214968
76415
74325
68304
71862
71436
23980
68066
71840
71887
75560
73333
71865
66838
70821
70893
73937
71817
72252
71877
67205
76781
69380
69479
66748
78250
67795
109065
74666
23962
75456
69496
381820
73729
75571
100040894
100040867
100040317
100039055
666161
666135
666122
666096
626315
626274
625508
625210
75140
71981
73316
69332
73398
77570
70853
76606
52123
67741
73293
629542
74271
66681
73942
76850
74042
667034
74626
17069
75732
73075
71037
13992
100503311
75697
75514
71841
73441
73893
71713
67687
67748
73512
73326
74691
232566
21778
76871
72281
74721
69421
68511
71082
74632
76646
71200
78390
75528
75507
68646
67551
75338
102633703
78672
70941
66719
77036
67342
74722
74279
70003
76406
75345
67349
75802
72776
78258
100504457
18700
72371
75811
70980
73668
71046
74954
71030
73314
672398
75255
75040
14154
76747
18824
75869
66766
636931
73254
72350
70934
226409
66764
66793
69315
74403
74982
77049
70976
68214
77627
73847
83398
74485
73182
74471
73255
77569
105000
68686
13626
68946
74966
18458
23882
67640
70246
74453
71241
71168
71011
641387
74218
75775
100379612
71071
71210
353204
75172
100174921
74972
72144
74633
622554
100048534
73866
18647
75477
15925
108159
69349
75602
100036523
14479
20815
16497
70967
70867
72125
74690
71088
75324
114874
100504412
74689
71084
71281
258096
71301
74910
74847
73453
71227
100041064
74877
66714
73797
100036537
71159
16008
78105
58520
213402
75902
73376
71248
100504429
100041642
100041594
667379
75301
100502861
76629
73259
76998
195333
74276
13057
78217
71229
76513
68020
74929
71172
71023
74856
71170
73817
70890
100504454
71018
217684
240396
209837
50789
106143
28109
53861
224132
227333
216136
320685
228033
216821
231070
101994
97159
71492
14688
225875
269033
12492
226251
69982
68497
11980
268301
225164
209497
320292
18541
212123
216963
72459
102631912
100040305
102641262
77683
233733
72102
208884
319876
378462
68514
211329
231999
14236
211986
76524
106522
207932
110639
105372
233168
101835
208177
209195
214791
100647
237339
27494
68521
102913
18053
99889
228061
228715
77629
22701
230752
78658
233726
72508
17127
211948
16880
77044
11987
101055854
66379
68949
228012
75552
78908
320736
70640
237860
228852
234723
320940
74284
215789
12709
213054
77929
101685
242474
12631
67296
243339
59009
268980
234839
72993
230603
12549
75483
14694
66456
102371
68473
382207
270190
18720
20088
621080
387609
101565
22221
320024
245631
234967
109700
209707
210808
414123
381738
66180
330319
105722
241915
57782
319939
320560
353211
76901
96957
67958
330401
19250
319924
239528
242362
338348
16709
218865
268595
330323
15931
69900
237823
234366
270627
16597
442801
381218
20286
228836
18129
228730
270109
20667
73540
72701
26405
14367
67161
12704
239546
20658
244198
237847
231642
320878
18214
233071
381560
329972
546336
22184
230857
16553
224813
241944
277973
207777
93681
237930
75953
56546
212326
212898
381816
226823
28105
194219
102642250
320011
215690
71885
327900
11641
270106
219148
68059
100217446
14426
102182
83669
238693
211147
266781
242202
15107
626870
12125
67843
245610
269514
74718
17064
213084
18971
225432
246700
212919
243937
67733
280621
73936
67672
69361
215456
432613
269582
105511
67513
621603
212276
226866
77771
70118
381716
214321
214575
98403
18830
76866
667277
399599
75328
260408
627427
74934
22750
236082
74737
277353
71640
71785
52076
225852
234964
225497
627049
234549
237082
234740
218194
216850
227634
100040766
68859
14051
270685
170768
327799
100504413
18082
209032
26936
100042480
77609
231162
666938
386611
210762
382639
224796
192734
100038580
270198
69765
381546
53418
414094
668339
229228
236266
17864
16494
100042889
329366
76621
78643
241794
319760
67323
240186
109242
277496
329064
271849
102075
226356
270091
380921
69370
338351
78244
432731
75316
102642336
100042819
78500
69430
78459
208431
102634076
434756
252967
19718
12043
320997
209351
56289
433323
74663
69798
75326
545527
212390
212392
327837
72268
229227
330463
245536
320206
320064
332993
208908
104800
54130
77006
16656
68174
320226
209760
102638259
320635
277939
102633691
100115
329628
26407
72243
332934
15502
17125
20361
328660
100503036
232174
227631
627607
381350
105244227
381933
244653
399612
19045
110695
20492
14043
69150
16922
117167
68087
68137
17136
22037
21857
50878
17257
22646
102545
100039707
107885
80797
70956
28075
78910
58217
93761
50769
67638
68572
56480
110960
18706
11745
54394
57749
108909
11883
71890
100502897
277089
20195
67759
225898
73389
11495
16332
320595
69094
12497
71997
668166
67939
74090
70231
70902
100503822
100101807
73385
69707
69147
100036541
73561
68307
109019
73951
100303741
330836
194126
66337
193385
64453
98396
360213
209966
13982
245350
50768
209086
665005
210417
19730
12041
66917
11975
22784
106489
14775
668661
106840
225115
69090
12400
56462
52915
224647
