57437
17222
11793
68365
19156
67128
72739
94064
26440
20224
23881
105348
67437
13016
59026
66818
12847
50724
74252
12540
106298
81702
19349
66878
15441
667118
70579
68693
20333
228994
17975
245688
56397
67416
101056240
170930
79560
20729
14609
20501
227753
11800
51792
53610
20250
28146
98386
67603
56442
68801
17311
12321
24063
66092
23971
20397
56615
16477
22110
15384
108156
17357
17984
67443
64074
100494
434434
110954
17218
14755
433375
12876
13728
64294
17118
67942
11364
101943
22329
12368
56338
22333
100862012
18477
22629
17242
16592
14077
21847
20393
14248
12263
19139
104130
66687
102334
12490
22682
22022
66118
50708
66111
12868
13602
22166
14229
74155
17390
20383
15354
11819
19357
23876
106572
53381
69612
26450
100862258
619937
15289
19656
19684
16832
11532
12928
11826
59025
14661
17149
17217
14314
11522
432466
11898
12785
192185
17219
22154
21877
67226
56367
23872
67710
20102
66840
14450
11757
13591
56722
104458
66222
11534
66989
20430
12520
17319
16784
30058
170625
15516
102641347
68197
14860
66631
17113
12111
14863
100952
14862
20823
271457
59016
12359
19891
15936
16434
18242
11475
51793
11841
53872
30960
13205
11668
99712
67043
56741
17448
22129
19038
15370
16779
14086
20747
100683
19988
13663
67125
17279
101867
51797
110323
12702
100043674
56438
20692
19376
93692
83396
66445
52530
58521
68738
16897
12258
66836
15903
19744
16881
11576
20912
11651
13669
12850
56175
19299
14113
14234
54124
74194
20713
26416
52857
67564
67971
13644
67996
66867
21413
109672
21974
68014
67247
27096
22390
20324
15929
56298
68631
58800
66483
19982
18073
21841
59125
68041
15468
98170
26562
14451
20316
30795
12068
12566
17210
56758
22099
100043324
12177
60599
75710
67895
22384
80898
22194
235674
113868
19935
14977
106869
14219
353187
14132
66537
56458
19261
17685
59014
20598
27981
20479
66950
56452
53860
66515
12122
26446
237880
18673
66055
19186
67211
13653
19317
20973
67628
18472
20340
66314
56431
269378
18858
52004
101488143
100503605
15130
15129
621823
19188
59027
22200
66913
68241
22793
19820
107951
16438
50785
100040260
11908
68177
13405
66834
54338
27359
59095
18616
17150
19052
67245
54725
14456
16476
18759
66191
21412
72584
66197
80876
19737
71538
73679
80859
13030
21817
14020
16419
24060
15201
20112
14360
14057
20315
20341
104086
18627
22209
20496
17936
12778
16651
69178
20971
50915
14388
100637
59052
110257
15122
21681
108014
54633
110095
23790
11614
107513
66427
67452
67089
76238
94181
67103
56364
18784
26912
14429
100040682
13885
24061
64138
14199
103136
66208
100502680
100042355
100040961
545578
22195
12428
67683
76044
13680
16012
59036
67311
27999
12683
101476
17190
117109
26363
65963
54673
80913
21844
12593
18186
68458
22230
80515
14853
240832
22248
26926
50887
142682
66684
20683
101497
12822
20807
20499
68097
100043462
668830
621832
68051
19361
13641
54357
26757
26423
13177
20539
19895
100862446
434624
14325
30954
27081
21987
21930
16573
53331
103573
20502
26968
11931
66993
245944
22361
23893
14168
21672
216233
56429
56274
17765
14105
19267
52715
83767
102098
66870
74202
26370
26358
59021
12759
20218
93759
56185
665903
66373
12753
15381
58804
75735
65086
21956
20845
22160
26879
56695
19159
140486
52633
20404
20287
268591
11845
67276
170767
14463
22142
80837
18515
54353
12162
21417
15945
18030
27401
105387
12606
18634
66607
67636
56356
56473
12995
13823
68312
21859
15438
11481
68026
20677
100037258
54367
14200
50723
19735
21399
20638
18045
110074
19777
78558
16876
93691
81840
192231
22380
18968
17450
14387
17181
14678
17344
67053
14696
14467
21985
14732
16000
100042782
434728
434727
434726
83457
66335
16423
30046
12418
268527
19291
108062
21887
192287
18295
83558
66235
17918
11515
28000
12978
235320
217069
15446
52014
67988
98710
74102
18021
52666
18518
17215
83553
18035
50926
28088
18813
574437
22446
22445
53379
60611
667250
627371
625328
544973
15081
15078
20450
14489
53605
94218
70078
20910
20899
83454
66471
18749
19244
14797
15481
19290
17126
20392
20348
19302
17988
14605
67749
100862398
100862394
100862383
100862365
100042881
100042874
100042849
19657
12387
81535
20354
67554
93737
13717
22666
233637
19230
54401
15159
19330
17304
22284
21858
26419
11518
11789
13803
18408
11513
104156
26360
18704
14858
100042295
14857
56737
12757
84704
20646
13123
74168
69125
18027
16801
11489
11920
16195
20810
17684
13043
16475
56188
17250
17921
27103
107815
20415
15487
14156
22327
59029
14782
16648
65960
11303
20843
14190
11491
65945
14815
80985
56726
19336
15569
20444
15064
116940
21406
18595
24056
18637
12338
17999
12531
93790
15161
16010
11932
15273
65098
19248
14867
20851
67115
14282
14697
54405
12315
12314
12313
94180
13849
12567
16403
26611
18195
20610
56150
19063
12176
20091
13063
17128
12175
15312
13014
108121
69274
12192
12373
22591
15902
21385
14674
14431
23794
18029
22632
12974
15528
66641
81799
432800
14009
59046
15277
54354
50795
100043257
19652
11858
18760
57376
20336
57776
16322
110521
18679
13589
56403
114713
71777
13860
20416
100862455
100044627
65019
12817
19027
73173
76055
627081
574438
27084
13433
56009
58244
66882
68092
12343
13435
66588
66890
67952
19338
50875
14758
12339
14281
16367
12843
66105
66874
55980
59050
54342
114715
19070
24074
11308
101314
15247
99237
54712
66624
67922
18120
66998
14423
21781
66290
60510
17330
19272
18738
12404
17294
27360
93836
22135
22134
20334
83691
14265
70861
21766
26431
66881
67057
20588
18432
83946
14859
53328
102632565
100504173
19231
21969
57443
18032
18111
54169
75089
18074
654467
545091
434858
15382
18567
20947
15980
67054
26444
67092
12050
18108
50796
29817
26362
67466
16431
70599
67845
12156
11428
13207
69035
72098
11928
19822
70495
110391
232087
27055
76267
15387
67839
14958
110208
230908
52696
102866
12793
19353
433287
236732
26905
105245
228026
66141
68944
11740
234664
232157
353172
112405
71514
106795
223601
434428
22143
219134
15360
19215
14007
69632
66058
226849
30853
52588
52206
69259
73737
68634
67515
171486
110842
101706
104175
78521
76293
225363
19347
193813
225027
245877
216395
72017
66855
170707
216080
15894
218333
17992
15388
109801
16004
16777
19285
67177
99377
110446
72124
93762
72018
68449
192174
68713
69241
74091
56041
73738
23922
71805
14629
211896
94249
17434
216551
224619
57741
67857
210711
218793
52377
114679
107747
494448
76260
72278
78752
230514
107769
94088
67298
67456
245841
231832
216987

75104
15257
223649
100336
11739
259302
16456
64297
28126
69362
237052
67163
72599
68520
66270
209003
68581
103534
216760
231050
226830
73828
28193
13800
67684
65113
211401
93687
14194
76499
231532
14455
26401
19821
17025
70021
13866
57261
20715
140740
22670
22172
22171
217379
235441
233833
66307
207818
72084
72183
78825
67788
27369
78889
22174
140709
104112
19262
17876
17254
69179
14783
103583
234959
231464
12166
19134
107589
108155
218693
19712
219105
23928
228662
20443
68991
69786
57752
22256
12036
12829
13007
14357
19116
74720
15901
67198
22764
20874
22431
12545
12616
12369
14579
224022
226499
107587
100503895
13010
19046
22634
234371
13548
26398
211556
14645
216869
19128
223255
394436
394435
394434
394433
394432
394430
94284
22236
226026
67883
16773
21423
80884
213760
21917
15510
67420
20481
226442
75705
226169
19043
66229
13046
26900
66375
18174
18744
69617
83997
15288
72981
72425
227700
233276
71778
66505
67134
22059
236733
66632
18648
107029
26413
71999
228880
234593
70536
78834
78697
233529
217410
666422
236539
12764
170791
28185
100042023
68036
104625
66945
71517
259279
170822
67760
216190
71974
17263
320727
99311
107767
73178
13138
70693
100040970
108954
17345
106583
236790
229096
56086
16324
208618
68477
102954
58242
59057
218518
16412
108737
69499
12834
73910
228829
76108
72826
20620
319757
13681
236920
192196
72949
72795
15511
224938
12040
100503043
237222
26568
17258
19876
110796
22289
216578
229791
218236
110651
320720
20937
71389
109181
15251
20917
11820
98660
69807
11306
20382
16774
98733
75745
18028
22661
23849
26466
12825
246154
74132
72475
192119
232560
381760
208968
270624
110542
19328
229600
77605
68310
68839
69710
66953
74006
72190
102641923
110809
11487
70551
72065
72543
74197
70361
74105
52538
14702
68481
77040
328110
71393
109246
406217
67872
109785
75292
432508
69091
74164
74355
69672
627828
229279
73699
66899
72133
347740
69639
75083
66491
74747
76551
76302
66455
70153
76976
76219
68219
72611
67905
15531
93683
381629
66496
71779
74493
72515
68404
381668
77134
72117
107358
69587
68799
67070
70646
77632
19056
94192
69456
384009
16974
66365
108147
67016
330814
70237
67488
74044
67604
77065
71660
71667
73681
66520
73046
74154
70350
71409
18844
69181
14679
18514
68750
107771
66921
104457
52898
14583
66926
67618
67893
66724
70508
243548
69692
72567
673094
19206
382620
66146
68816
67039
69551
66873
382245
231380
16001
66329
320817
213109
78283
100616095
75974
109323
76479
74277
68617
71653
67454
22344
67732
72022
209378
11881
216877
73673
52398
110593
68128
59044
320429
214944
69698
69716
19325
69219
67702
386649
72477
75785
19663
70425
223527
218294
21416
319263
67143
226562
70422
66869
67141
19042
74437
67916
224826
14682
67246
320165
73693
212391
229782
73137
71970
74511
74149
71967
18786
56218
67071
98417
74434
74365
71183
67059
58810
27784
72043
70123
76686
320398
71263
70615
23986
100862175
56334
15568
78651
76286
70261
19896
64339
29808
23999
67866
56453
28015
66494
94353
20687
68133
76959
30050
11816
245595
52563
244810
266692
242521
102941
104718
21414
231997
75612
234407
229445
104662
110078
100503799
671242
627375
15331
52250
98415
235623
433667
13617
64602
22589
101490
68743
231329
74427
78618
269113
68861
238799
28006
19058
234023
211347
227723
270110
218639
218214
101543
218035
108767
56399
215201
83673
320267
380686
52009
225929
27366
69276
57874
217882
12412
103172
210998
11479
227446
100201
223435
269470
20529
105559
71148
74648
12934
108927
64945
208292
21814
108841
16451
246198
72787
230125
72007
223455
75590
232314
77480
268860
218975
103266
328099
22319
77407
22121
77371
100504230
209456
74038
93871
12562
109079
56516
215748
233103
67501
16653
71375
109077
214469
56805
54667
53902
66884
12576
245607
233812
28018
17216
11569
237459
77519
77781
225055
212531
12416
73068
218454
223593
60596
76773
245404
80289
231051
218952
26921
20842
320060
116873
20516
319944
319880
100169
207278
83925
245622
12168
269941
100043805
100043670
66480
68465
236511
20203
209416
101148
109731
19270
235406
319604
268903
20662
17156
77286
228839
114716
14677
66129
17295
242819
73945
380629
17261
117160
23972
102093
319758
108067
239435
53869
70465
11737
621976
215114
331623
69053
225358
76846
52428
114664
21372
216527
229584
78937
76789
11593
228491
72193
54616
70675
245522
78892
217653
93742
218914
380967
14365
75137
223828
22385
329739
56484
68134
52808
381510
233280
12894
223827
100628599
239217
19221
237336
52187
382252
14026
18007
15227
66580
74125
13363
407786
67263
74117
14852
236794
69554
226970
71900
230761
18193
78287
237422
116891
381802
27050
18162
20675
15525
72729
108655
407823
100710
66663
387314
230676
68585
210789
72504
102635075
68493
243931
20591
230700
213783
72108
228911
194590
13819
223499
240660
18712
68552
226757
215449
76626
68817
239719
381022
237877
242894
68564
67468
229363
328977
78757
56543
65970
277396
103012
20928
414872
236904
102641248
17132
215693
100040608
66200
338523
99696
71834
211488
12663
18099
54651
106326
320508
216543
269037
102058
51902
70472
13002
230249
192976
235533
208890
18245
14660
268291
244349
13655
72657
70461
193736
320588
26556
27206
231214
72050
212163
73824
208768
12014
69126
207521
24064
231668
108075
67045
407831
236792
70292
241494
27528
381598
20338
100503380
105504
56526
17449
71994
320795
19216
13640
14030
18536
11977
207181
245386
215280
280635
22631
213988
329165
98496
68539
272027
19826
12848
214253
11835
68770
98758
72736
216825
108797
211586
52679
218503
22433
211922
108899
97165
18552
108888
13618
20907
140780
26385
21810
18453
229542
107652
100073351
270669
218832
11798
80892
12193
331401
19035
22418
104318
234875
67819
17931
78523
83557
230145
67040
56530
101401
12385
235542
327826
67458
12737
226139
53817
235072
52521
210106
66771
665433
319191
319172
319171
319170
319168
319167
319166
319165
319164
245474
108853
101056057
109222
233532
15245
22352
216805
71151
333433
381511
66460
226151
108682
15108
320634
269233
108089
319901
72505
66190
330914
14000
21788
77018
30933
68682
75146
64660
12972
18555
16796
230991
13610
19088
241576
319974
12828
18124
71990
242509
109674
14205
104184
100042332
11911
54446
13178
66296
70408
18641
329679
385377
73284
381157
65246
21881
67511
68893
208748
432995
319765
78619
69077
108011
243725
21338
234878
94186
56149
12032
104771
271981
54004
239133
633285
22275
54189
239273
279561
105445
385493
238317
244871
434130
15182
666842
382217
320191
71069
241732
75695
18227
208146
70097
66317
104776
22201
56306
67771
27355
11669
16002
12366
108645
64010
19166
19122
15368
18777
16785
71566
55949
19242
22223
56200
12261
56378
51789
17872
12903
56550
22601
66446
78903
101185
104725
56382
20377
19934
63958
71952
17313
22644
16362
15492
66164
11702
67869
57316
21677
20832
21824
67678
66165
50497
12833
56693
19716
22117
23983
17692
17158
13809
53893
57259
22193
66849
15203
76522
56196
26430
12870
15452
21912
67731
20202
24135
67979
14319
66592
17470
13070
18103
53602
67204
19252
50496
18260
69354
16598
67299
20602
14187
111175
17134
66205
15185
74145
100226
68240
19664
17880
19702
19701
11363
17912
654432
12228
18643
15975
69581
12705
22051
66143
13436
494504
54613
27059
14615
80877
11852
14784
22751
12389
67486
53318
14151
59090
667035
78294
20454
170762
26885
20085
12724
13013
433745
27367
50527
434794
72891
27083
23967
11910
13179
11754
18718
16646
14789
14870
99138
109331
20280
66970
30840
16206
17763
66256
16202
13924
83564
56348
22628
54609
53625
104099
11878
269951
94275
67881
21415
54607
14683
56284
17533
20855
17144
17142
17141
17139
17138
17137
83555
70354
12807
14390
12568
19386
16571
14227
54375
11504
56698
53614
102634681
67248
12615
21888
52120
56044
14763
11773
66074
29819
18949
18412
74114
68192
56464
67014
107569
20913
107272
52468
100503670
668936
229615
14114
101118
69940
72157
76687
71145
71949
210973
227102
56807
19247
22381
232441
67255
230233
319710
72621
225791
20643
13039
76547
16330
66902
68047
210992
208211
233016
67675
76295
69538
11676
109270
75415
67472
75805
20909
77578
216829
83703
11656
18823
13211
74754
213819
212307
16825
19084
12826
19047
227292
67111
226351
18451
16011
230753
210766
20363
16976
216705
50755
64652
71881
99929
104418
77305
227937
20482
75758
330662
108911
14359
106042
70683
76130
13990
20663
20564
217031
380912
16443
100515
93747
214162
193740
74055
60532
69706
16590
22695
240913
67048
56309
72562
67525
110052
22042
67623
68875
98932
66810
100037283
68195
75616
74315
27973
74205
71752
15469
71883
21843
76263
231670
69719
110911
76089
64898
69784
52592
28071
233490
68018
11783
12912
64451
76539
66264
74868
240880
67153
68744
74440
69605
214968
68304
71817
381820
73729
52123
17069
71713
76871
72281
636931
67171
18458
56535
56515
66714
16008
58520
217684
240396
209837
50789
106143
28109
66854
53861
224132
320685
228033
216821
21833
101994
14688
12492
226251
268301
225164
209497
320292
72459
102641262
77683
72102
68514
211329
231999
14236
106522
105372
209195
214791
237339
27494
380959
228715
230752
78658
233726
72508
56637
319518
16880
11987
101055854
66379
68949
228012
320736
210376
70640
228852
320940
108037
14701
215789
213054
101685
59009
268980
72993
75869
14694
68473
382207
20088
245631
66180
330319
241915
57782
76901
67958
239528
207565
242362
16709
268595
15931
237823
234366
270627
16597
20286
20667
72701
239546
20658
244198
237847
231642
76441
22184
16553
93681
226823
230257
102642250
320011
231637
327900
100217446
102182
83669
17380
242202
15107
12125
67843
17064
18971
225432
246700
269582
67513
226866
18830
627427
22750
234549
216850
18082
209032
100042480
666938
192734
338351
432731
75316
208263
16656
22228
329628
26407
15502
17125
232174
227631
399612
19045
110695
20492
69150
16922
117167
68087
22037
70956
93761
68572
56480
110960
18706
54394
71703
225898
73389
668166
193385
64453
98396
209966
107371
57748
13982
66917
106489
14775
668661
106840
225115
56462
224647
