52585
107338
60321
16833
12653
21958
19118
13486
50927
56421
72831
19062
12581
56325
11767
22147
22144
56772
70527
14228
22697
69071
50996
54326
66269
26426
20364
112406
68114
21652
17160
56485
29805
12812
14626
13001
72399
81489
66449
18642
18663
14208
17256
68170
67547
14866
18582
20531
64296
12580
54152
64099
66540
66148
53885
15114
12908
69281
26972
67445
21884
12033
26919
70025
54219
15512
13202
23885
101739
27998
53376
93730
54120
68721
78255
57815
106633
18005
19725
56315
75646
66168
14712
30839
30945
116733
17089
59093
50525
66530
14425
56278
27078
14359
83679
20686
22092
29812
50880
14581
66593
14911
60406
22694
66566
50722
56310
18400
106947
66597
79043
64384
107392
57431
13808
27393
54673
21400
66706
64136
171567
12909
26559
30959
14245
13350
14155
20768
100134861
12895
12651
67269
27356
16834
22671
22702
319192
75339
67557
18584
71828
54484
66388
24084
18536
52504
21755
13139
16596
22025
12745
66109
67946
14421
21744
11838
67384
70928
19256
17252
66176
14809
60597
67304
79263
59004
29813
58867
117148
73916
67694
93834
53419
18426
68678
100861978
100040048
100039939
100039863
20301
15259
100328588
14204
71177
12009
12467
22712
66153
66717
13972
21645
170833
23984
17427
108161
53871
56371
93757
18459
22756
12845
112418
13164
53416
17248
66930
26942
30939
57256
66931
17293
94091
50501
19704
19126
67331
66479
13524
13137
67537
67326
30060
73366
52609
66423
71838
14772
66712
16578
68226
246738
12638
12021
14705
54562
67430
21463
19057
19009
66123
53422
80861
67365
66745
83559
59310
71835
17354
60534
18559
16569
66756
66011
66204
55979
106369
57258
64144
18676
56790
54352
13516
58998
77945
50770
17933
66654
16443
15192
16842
27274
57908
140810
73419
83561
67575
75870
67592
64008
67552
20671
100041639
100041586
21647
56427
14760
20527
27368
26377
72140
14073
68270
26987
17119
26876
67555
20357
53357
15371
20425
67648
100041352
21462
21461
67737
18766
76571
18101
625599
15202
74068
60530
67196
18230
72129
56488
105278
93696
20431
12448
17122
108077
140488
19012
75555
260409
68121
20391
19207
19428
65099
68274
58226
17152
75533
56705
114602
545600
108143
56299
66797
116838
14119
73318
54137
54650
27281
22324
110957
18707
114714
67661
100037282
66832
26369
13619
64436
18087
15904
12495
68172
66935
26390
56503
65255
59033
67932
56195
14625
56380
15504
54003
14202
21357
71354
223732
230484
74270
66098
66126
108099
70456
243371
232223
225995
434402
103140
68938
68916
67609
78802
72480
195733
71041
14651
68948
226419
76483
319475
99011
68001
74665
353237
353236
353235
353234
192164
192163
192161
116731
12943
12942
12941
12939
12937
12936
226856
235135
76779
66514
71966
226122
239706
72254
107971
98682
67378
54126
75458
18300
70294
230996
67286
229524
229782
234733
108138
67254
11471
232664
22709
71775
67102
75564
76400
11499
70997
12454
71336
68737
233064
72077
72324
69297
217732
13417
225745
107321
228543
69312
252868
235582
76416
21646
83885
68394
94244
80297
71893
235628
73373
77090
12611
19183
218215
17771
230162
225913
225004
110084
212670
241066
77485
77462
19043
103967
69239
105005
75826
219135
70103
109135
29816
216274
108100
12234
68644
67475
30054
26931
67200
66454
231724
18551
320225
16882
66790
224661
212190
69217
18575
18286
217716
217232
67586
16524
252864
503692
67542
73381
74199
29871
226026
216560
228136
170461
664779
109910
68292
20744
71093
100502987
74213
17344
21374
104884
69934
14580
109232
12659
66251
17292
20873
66461
633640
100121
67561
27388
60364
73390
23945
100861749
78887
97031
103554
338521
224613
65969
14768
18619
227699
75778
229722
100732
74032
72155
75291
654409
68339
108000
73677
71991
245000
50764
81896
13206
56296
21848
235132
70099
20957
319845
15401
666339
108943
52055
75863
15400
54141
244867
68259
22698
75388
75329
13136
23955
211535
18987
11875
70552
67727
69837
212090
320214
382423
66853
71735
72149
66648
211255
74340
68401
73991
76457
67487
76485
329540
28036
67538
216505
214742
231712
73247
67723
78795
69953
26932
66573
72549
78482
68961
71876
75036
71691
66733
72085
381337
75623
71837
67933
68870
74377
107895
382562
74596
74075
100504687
751549
75957
72180
73139
629159
69310
13353
68972
76960
67543
73287
107823
69478
68980
223626
75736
74463
74026
240263
75502
70930
71233
53609
69519
74360
66061
69325
75465
76408
67679
100503915
67490
74577
52231
71059

71854
69397
74600
66910
654470
109264
75556
66336
67803
70857
18415
474156
70772
71710
74407
73431
71062
75744
76366
240261
54392
71820
69288
70481
75216
100034360
110350
66333
69871
73754
102638538
102638110
102637138
102632113
101055754
100862207
100861646
100169868
100042304
100042235
100042182
100042149
100042129
100042100
100042054
100041964
100041874
100041840
100041774
100041735
100041702
100041678
100041664
100041651
100041598
100041515
100041317
100041306
100041283
100041279
100041262
100041177
100041139
100041119
100041076
100041054
100041012
100040928
100040923
100040897
100040870
100040852
100040697
100040671
100040657
100039441
100038847
100036568
673676
666918
666765
666706
666549
665981
626456
622640
545013
545007
544990
432825
108978
52009
71836
76572
74470
66341
75010
70426
68187
75939
69439
71827
71833
67664
74441
69129
76858
71086
75841
67157
70891
74050
384775
69376
73845
100502740
75671
71860
70918
73466
75840
76967
75196
69416
67492
75444
100040882
69453
74189
70951
71206
71091
75809
69371
70617
78174
75276
71861
68308
23950
71648
51938
69291
71901
70840
432516
68625
70882
75311
75485
641361
100310787
66722
76668
69329
75467
71185
67692
74435
71844
73886
75568
68283
76389
71870
72614
76927
70859
108653
69841
73336
70948
100503856
666233
69307
76167
74409
72277
73533
75906
74420
269701
271564
66769
75116
74293
67324
71769
66709
321010
73332
67072
434234
74354
74692
71017
74076
73429
66291
71175
545951
101056186
100041722
666214
638262
70699
70871
74708
71101
74401
74419
74660
102640368
100328574
50540
73854
70396
71331
73914
73523
74364
66715
70862
73989
235345
78801
75808
71655
74386
66977
73994
12916
75610
70988
67585
77595
78807
71208
76670
56428
70646
74229
70375
74388
72351
270049
76877
67329
100040421
67188
73467
76816
75051
76612
74269
320244
68701
71296
76832
209012
67894
21340
70715
75317
237336
11861
70866
75799
64580
71033
71027
75266
74408
70901
70952
74675
100503661
70966
353025
100313514
74714
66435
52023
71298
75178
78767
75335
100504164
71448
74717
70846
70960
67983
73919
69398
77059
75770
100268169
75804
73412
108812
75773
70981
75800
71824
74686
74715
75193
71085
71097
21945
74703
73635
21689
67773
16977
67747
74429
75879
71133
73493
223825
668740
72881
56874
74668
74446
74673
70004
74881
71038
69369
71020
71274
74236
50505
75787
73481
74282
74080
406209
75283
665769
74460
320827
77318
72899
109229
71138
668110
70088
75645
58206
74227
67928
102632351
72248
75234
68107
100303742
76411
71184
78639
114670
71155
71280
347740
280667
70888
70929
69077
71237
228731
75797
102640699
102639715
100861615
71127
17319
74628
76031
73781
76223
74867
71006
73955
74898
75082
74078
73589
230673
101602
231858
269700
246293
12315
12314
12313
217578
101197
208659
433702
18576
279766
226016
269254
18976
218232
105988
100342
243574
226098
381113
170638
74477
225523
433470
29809
68350
227695
232976
69662
629959
217708
102643079
230751
18970
74041
106557
100042605
73822
230101
231207
227835
20365
66152
353282
69311
227449
224273
231946
223666
320129
218734
68729
230796
74239
233899
268780
76073
207798
106757
269209
320299
76800
242584
53330
71213
240087
245847
407790
233876
226123
217378
65247
66776
102124
241116
216285
94214
215210
74895
320117
74393
386463
330938
235330
227683
22325
107182
333182
20655
320869
233865
382038
244484
264134
235283
100502742
240084
75459
329828
319601
270035
114642
380836
107371
69256
214552
320295
619289
229011
107975
245860
234373
56449
246179
108030
68802
66752
213484
244891
237831
52864
100502684
433700
239083
217682
21894
385668
269109
72315
231570
75563
71169
74735
69480
244608
68221
432611
216766
243912
67313
100504527
232878
107173
239319
217935
381112
67522
230234
210035
23863
71268
243529
73162
320162
70005
74230
243867
207175
53621
68968
242253
100504156
11607
71721
434204
214704
98558
72580
68718
71137
385658
320946
236604
195236
18802
70911
68922
73301
620631
432879
213980
26414
211482
65020
381269
407788
327824
320752
52028
320769
320148
19059
319618
232973
381534
73463
268491
213550
97243
231098
269954
230770
207819
74182
104709
67138
67330
223690
632687
72873
78933
231885
20322
116848
100043034
100041379
667666
77832
71089
627191
100504121
28135
216154
100101919
227058
194908
574428
80707
432536
69303
237465
75823
233871
54131
666945
327954
56174
103080
67642
100038371
330096
73324
228684
75871
75453
52906
211651
102640387
239591
100040437
233905
240069
100126242
103405
73968
69955
231093
67925
78108
432999
76602
381107
231912
271639
102635192
207607
330427
243833
381979
100041660
633285
330577
76611
328633
244562
244694
100502982
230793
69341
66274
78317
102632386
545391
74682
329207
67769
627872
74362
52285
102640879
214105
666532
224344
666528
102636733
140498
382010
207686
100040545
666744
78462
56631
100048658
69433
319673
22682
74684
383075
319960
68986
103220
208583
75323
380730
70957
332110
75631
74174
320022
68558
619332
269023
319154
319151
319150
319149
319148
260423
97114
15077
234135
211488
436090
320696
14814
76100
380753
381498
328330
101055837
433844
102636217
330355
217341
100042963
100503622
106763
381522
229588
74521
239731
271005
234912
214444
320558
381644
446210
102639888
242126
214137
380654
319207
226265
100503197
327992
545975
22717
78212
66255
102633824
233810
234915
243897
102640589
75050
211936
380907
105245027
75136
268958
23997
71682
668310
242800
78254
75282
110083
272158
381884
68466
211484
71868
16407
73558
268706
319190
75395
223262
74645
103844
19720
14566
170731
170790
18817
64075
114601
14121
100163
76497
63985
54369
66642
67337
57750
21821
56812
73225
76279
79554
57785
100859931
64113
99662
54214
18604
80880
29869
67027
67009
50492
68082
68067
76113
67653
67077
56746
71207
23807
76969
18685
77827
57746
22137
12427
17829
107586
56522
56517
53886
13389
140557
28081
229521
66346
12421
66391
72185
56524
56626
20871
23969
66740
54151
68058
58802
26448
20962
66707
54698
80720
66763
69396
50873
71162
192120
22427
16923
83434
67981
17147
67637
68175
67590
12402
66468
22691
12824
56017
21754
81004
53604
13067
14787
14588
14841
67382
29877
94061
18598
269224
67842
66332
219072
73833
102747
72354
70012
214572
216739
22758
73739
69823
230500
241274
11870
232089
215707
217734
216618
69459
227746
214048
69674
217887
110119
219249
105833
232934
67685
69379
57138
21410
17425
18845
53415
27756
58186
69863
14793
108670
72392
20916
21763
223722
104479
210376
70625
67155
109979
78774
100379611
16563
67736
72083
72482
208967
70369
107829
75717
69724
623898
545732
545728
70896
75495
70885
75482
76486
15568
448850
117229
67078
213027
546143
67031
67170
102641249
77381
73549
71862
382406
68066
71840
75560
73333
71865
66838
73937
71877
76781
66748
78250
67795
109065
74666
75456
69496
70054
71981
73293
76850
75732
13992
100503311
75697
73441
73893
67748
73512
73326
74691
232566
21778
74721
71082
74632
75507
75338
66719
67342
74722
70003
75345
67349
72776
100504457
73668
71046
74954
672398
75040
14154
73254
72350
226409
74982
68214
77627
74485
73182
73255
105000
68686
13626
67640
70246
74453
71241
71168
75172
100174921
74633
622554
100048534
15925
69349
75602
20815
16497
74690
71088
100504412
71084
71301
74847
71227
73797
213402
75902
75301
100502861
195333
76513
74929
73817
70890
71018
227333
97159
71492
269033
69982
212123
216963
102631912
100040305
378462
211986
76524
207932
233168
101835
18053
77629
22701
77044
237860
234723
74284
243339
75483
66456
621080
101565
209707
381738
320560
330401
319924
338348
218865
330323
69900
442801
228730
73540
12704
233071
381560
224813
277973
77480
207777
237930
75953
56546
381816
71885
211147
626870
213084
212919
67733
73936
67672
215456
212276
70118
319211
214575
76866
399599
260408
74934
236082
277353
52076
225497
627049
234740
227634
100040766
71675
100504413
77609
231042
210762
382639
100038580
270198
69765
381546
53418
236266
17864
100042889
241794
319760
240186
109242
277496
329064
102075
226356
270091
78244
102642336
100042819
69430
252967
19718
433323
69798
212390
212392
327837
229227
330463
320206
320064
332993
208908
104800
54130
77006
320277
320226
102638259
320635
72243
332934
328660
105244227
381933
244653
17136
50878
22646
67638
57749
11883
71890
11495
12497
71997
70231
100503822
100101807
73385
69707
100036541
73561
66337
665005
210417
19730
22784
52915
