16612
22240
18555
52502
80517
67717
15369
18607
20480
11818
53975
64099
13074
20817
16579
56734
66849
22145
16600
14571
56535
99167
14840
67469
68149
20446
67909
12577
67182
11722
12661
16780
59007
11833
101056308
101056060
101056018
100862371
100862360
100862346
100862320
100862283
100862225
100862135
100862092
100862091
100862083
100862062
100862045
100862028
100862009
100862006
100861942
100861937
100861923
100861905
100861896
100861889
100861879
100861867
100861860
100861828
100861824
100861821
100861817
100861769
100861748
100861743
100861720
100861709
100861704
100861677
100861667
100861611
100861599
100042669
100042619
100042563
100042550
100042537
100042512
100042475
100042440
100042428
100042401
100042321
100042268
100042080
100042013
100041922
100041913
100041789
100041682
100041284
100041256
100041223
100041168
100041141
100041080
100040991
100040911
100040786
100040744
100040636
100040595
100040564
100040429
100040418
100040400
100040031
100039876
100039810
100039753
100039614
100039602
100039574
100039523
100039444
100039393
100039294
100039209
100038944
434960
434935
382133
70009
19415
75469
22789
15893
100042342
100042114
100042055
71826
93835
106582
16649
22114
13190
68265
19245
11629
64059
11640
68231
16870
17764
17235
319192
68097
67015
57442
76630
12344
58864
17349
16650
58233
140919
15109
67946
54608
66326
67926
19123
11832
71724
67752
11451
56223
83984
56293
12695
68236
11470
16622
73297
11643
20215
22239
16618
13647
664725
664723
66742
56739
100041548
622924
622306
67410
50772
100042946
100042944
100042943
100042939
100042931
100042929
100042927
100042922
547160
547154
76383
100040018
63986
56441
15586
84544
19777
67082
67483
73532
56515
110935
20690
22116
58522
27015
55993
26382
53857
67854
67395
57444
19889
15482
23793
27364
50523
107227
66732
16559
72773
224019
381827
232717
67402
67356
70392
68018
67591
67334
67119
110326
74469
66322
80384
22127
69287
66772
71090
93842
108699
14420
66356
100502723
11448
67343
19883
116732
75526
13984
59010
66771
68232
67358
68243
104271
68224
56523
22768
22767
192157
75541
16617
66747
66780
70935
114673
24069
21812
15275
73940
16800
14913
56697
58998
18768
68178
504193
73340
23859
21410
18036
20739
29818
67722
269204
17756
19258
19130
67634
74053
269180
67663
84035
94109
74646
14536
13840
11642
18577
66784
17221
16619
67407
26367
22635
171382
13800
80982
71026
76658
75185
18507
14008
13168
65098
18640
19724
26365
16413
11636
14812
13549
22668
14380
11468
21959
14081
21954
76378
17896
56469
18285
19417
140488
75659
100043216
100042175
100042144
100042109
100039585
100039550
100039467
100039377
100039324
100039240
100039120
100039065
100039030
100039003
619991
546272
382277
22526
11450
114875
56048
67800
66323
17152
75657
70508
68468
64454
17130
16890
16532
18753
19120
17171
100041230
326620
326619
320332
319161
319160
319159
319158
319157
319156
319155
97122
69386
27399
14724
64707
69367
14586
16453
16336
81845
67252
67978
64011
103236
11606
18617
270166
66720
79459
67847
20678
66716
67645
16502
57911
69046
67063
67588
19215
71839
12235
66569
106766
78284
104601
230598
52822
13012
433224
66084
225870
100862369
100862329
100861966
100042275
100042254
100042168
100042159
100040722
100040698
100040606
100040533
100040482
100040448
668964
668963
668960
668958
630022
627264
546185
434725
71847
71132
233575
75600
246747
69368
73598
66813
74486
231042
69032
67472
78832
54427
70873
71474
76594
228139
52793
74760
223648
245839
13648
13646
20975
73368
21830
15223
52670
94040
230789
26400
13525
26888
69810
19726
20288
73447
232943
102641972
19271
235505
65100
111368
26434
109880
21388
232196
22217
237711
80906
16498
65971
15257
13823
20679
18761
19775
14747
208263
12380
12295
27411
212862
12326
14645
225865
73503
69299
74478
69482
268566
14245
56057
230661
208449
72930
229473
67967
75387
72479
75871
70829
70572
98432
230904
70911
75991
71770
237246
320204
231861
100182
100039934
100039890
100034729
666184
434865
434864
434863
382243
18422
76707
74706
140474
110835
19893
56631
22202
225997
14260
70881
319188
280668
17165
227733
67509
237504
109254
100039551
245583
74649
252866
71313
230143
321000
70478
66938
102638110
100861615
100504488
100169868
100042235
100042149
100042100
100042054
100041958
100041874
100041735
100041678
100041515
100041306
100041283
100041262
100041151
100041054
100041012
100040697
100040671
100040657
100038847
100036568
666329
545007
78779
74411
74309
319387
69101
69993
74405
69324
69327
76722
76809
105855
75886
14461
67512
24115
69113
69372
74052
66343
75504
69339
72927
74442
100504195
66910
71254
68553
76405
76920
72181
70549
68800
76382
75472
73047
237759
69358
69585
66759
70458
71846
74251
75753
382406
73470
69317
75439
68970
70897
74286
71007
66353
69294
75841
70894
74480
71864
66328
73721
71829
69423
71831
76426
67750
69034
68112
76380
67652
70887
67320
73382
71242
11542
78414
70054
546347
76386
74306
383348
76640
73363
74645
73456
75510
71147
67620
69363
75470
67753
66586
225049
70977
574405
574404
546325
434797
434795
69306
75471
78785
74356
78634
104001
72569
76652
76183
71996
72221
69314
75667
69382
66774
69665
227736
71276
75524
73090
76705
107566
74281
70979
100504162
73634
74717
73344
66730
78913
69169
69401
17761
73545
76407
74071
70060
71863
70062
75622
70993
69351
73526
100039045
664804
545739
76399
74267
70365
71066
75942
72000
58804
73862
73162
66606
67325
75861
73435
76872
75820
72215
71001
71300
73603
71130
67593
75437
70335
66605
233918
70696
69318
70419
70069
71063
73261
319211
114672
73272
66783
73808
73863
70362
71166
76615
73422
70900
71848
69286
69347
78829
71275
100502700
100113398
71164
73472
67080
100862085
67712
78257
114671
73844
433646
70973
235043
75656
74472
78911
71270
73606
70920
73423
75835
74280
75173
627927
75509
69528
73852
70073
70892
100040020
667256
635580
625713
625650
546397
434879
434874
78092
65247
71304
67656
665270
69428
67583
78806
76156
73813
78016
67647
75083
69441
75239
75530
26383
78625
103268
74711
56541
321013
381347
382077
74221
70988
70909
71149
77193
69404
75202
75075
74890
72230
67501
75890
67646
69387
75723
76627
75015
73338
74239
71310
66595
75906
50876
19296
74288
74297
100049077
70864
73779
67639
71103
74726
74367
70852
75090
74687
71215
75125
74066
67944
77058
74668
73809
74716
74092
58194
75341
71236
69320
71033
69442
102636582
75050
73990
75368
74987
71156
75303
385317
59020
117600
100502590
629820
98366
67338
20403
75497
15360
70884
75729
75829
78812
74363
71176
74400
71830
74361
100861987
74484
75777
74466
74473
67998
75901
74709
75813
74448
56846
75833
100503481
71067
72972
75789
73469
74455
102641289
100855
11876
71244
71153
71287
75025
73281
74688
66737
66786
71099
94041
381110
74435
71282
76856
71009
75189
74953
114873
71186
75859
75275
75367
75281
75207
75043
75106
71096
70875
73388
78139
75064
73347
624286
76573
74914
75263
71120
73396
102632135
214048
73392
74303
28042
71029
75087
71161
75071
75538
75272
73616
73547
73934
20738
69444
21756
75642
75188
75434
76992
74862
73407
77772
78052
69384
75429
16604
78478
76653
65246
21951
666422
102632493
75249
74389
73602
240899
74465
102636340
70376
72226
75838
75169

66833
75246
75226
75011
100041379
67524
74662
67668
70883
19725
73920
75164
66622
622531
276919
67201
241303
105418
378937
27053
217893
230903
207854
216150
319586
21945
217695
22654
231602
236312
22371
70045
100503868
223828
224481
434128
74918
269610
239650
238405
238406
67534
381922
652925
193286
666145
73750
75488
101100
75443
16601
244178
664726
664724
235067
209601
53814
69481
242726
330188
252870
242408
213234
330277
108912
213272
27222
76925
243996
104871
69941
75565
432552
241850
237400
76921
17256
101055670
244179
242891
100042663
69357
668525
319196
442829
236904
76419
73309
101631
238663
619288
100504446
245308
100165
320683
69413
100502820
244448
100504462
75641
74468
328845
229474
629141
329977
226418
52020
433386
102634887
100126240
243535
408058
68233
78469
100043911
100862324
100862261
100862043
100043920
545611
433698
242669
224836
56771
70113
235631
103775
217648
194974
24050
78102
78329
382113
215332
666504
56747
210982
208990
329738
332713
102638080
328573
329093
214106
245423
67340
69476
69469
210145
102638947
78118
72648
65254
100861869
228778
218921
213765
229644
320799
207921
216033
73894
73432
76624
69388
541463
75610
212516
215999
243312
330820
67327
75058
434439
216974
102632897
100043812
330010
70292
100503961
102634243
100503727
237987
70363
100503490
210172
102638722
18092
75500
69364
382090
403171
13684
109314
98736
77417
68528
75099
232313
73438
75853
102640642
102631953
100302634
100113394
76995
414106
382231
320118
102634319
72588
213450
229550
215772
213409
73806
102635985
238690
233813
208922
100047123
327760
78809
320277
69700
100038614
102633575
11982
105245474
330577
446211
69108
66333
75546
73296
665797
102640144
101056144
100861715
100861635
100861610
100042539
100041536
100039331
665845
545614
545605
108816
100042472
230657
100038947
668101
320832
19119
20351
12183
66894
20439
269593
56496
20503
54388
20849
18952
66857
56228
14235
18701
12593
56018
66338
16621
73804
67150
53892
26447
19731
18132
11801
56691
74264
73353
28081
14583
14067
69301
27401
18573
16973
57756
110958
22696
66729
21961
67690
27390
74156
16624
102642634
101056173
100862366
100862345
100862075
100862059
100862042
100861899
100042565
100042337
100040714
100040335
100040262
100040223
100040171
100039595
100039034
100039014
665918
665687
665301
665276
382131
20611
67929
22115
16646
13526
20834
12805
24057
102638039
268706
13404
73360
67344
666376
73553
67073
67328
67580
170483
63857
668976
387588
67985
66611
67117
67579
100040635
666040
331531
331529
83565
50874
14447
18105
73495
14751
70127
27389
66761
56430
114640
58251
16398
28169
66270
74915
12116
79401
58994
102247
16866
56622
18519
66408
18821
57755
66501
67507
20451
67504
56637
17245
66758
58869
321022
226841
74775
232232
228769
109168
66049
68777
26565
100316903
231798
20511
73873
14167
266632
16561
353237
353236
353235
353234
192164
192163
192161
116731
12943
12942
12941
12939
12937
12936
75785
16907
231201
57748
17966
74136
11421
19042
170772
67238
70652
114893
66704
75512
67581
11692
21769
17919
107684
245865
268469
237928
13396
75462
68918
76223
69440
100041530
100040852
100036569
71843
76737
66765
276852
75480
69987
72107
74424
74410
74360
68222
77048
107767
76415
71436
23980
71887
70821
70893
72252
69380
69479
75571
100040894
100040867
100040317
100039055
666161
666135
666122
666096
626315
626274
625508
625210
75140
73316
69332
73398
70853
76606
67741
629542
74271
73942
74042
74626
73075
71037
75514
71841
67687
69421
68511
76646
71200
78390
75528
68646
67551
102633703
78672
70941
77036
74279
76406
71868
75802
78258
18700
72371
75811
70980
71030
73314
75255
76747
269209
75869
66766
70934
71306
66764
66793
69315
74403
77049
70976
73847
83398
74471
77569
68946
74966
71011
641387
74218
75775
100379612
71071
71210
353204
74972
51902
18777
73866
18647
75477
108159
100036523
14479
70967
70867
72125
75324
114874
74689
71281
258096
74910
73453
100041064
74877
100036537
71159
78105
73376
71248
100504429
100041642
100041594
667379
76629
54613
73259
76998
74276
78217
71229
68020
71172
71023
74856
71170
100504454
68497
18541
75552
230603
109700
414123
381218
270109
67161
329972
28105
194219
219148
238693
280621
69361
432613
105511
621603
77771
381716
214321
75328
74737
71640
225852
234964
218194
58250
14051
170768
327799
231162
386611
414094
668339
329366
76621
78643
67323
380921
69370
78500
78459
102634076
434756
320997
209351
74663
75326
545527
72268
245536
68174
209760
75770
277939
102633691
100115
100503036
627607
381350
13136
28075
78910
58217
50769
21753
74090
70902
69147
68307
109019
73951
100303741
360213
69090
