12043
115686
104838
104838
104838
115686
115686
115686
85300
115686
115686
115686
115686
115686
115686
115686
115686
115686
115686
115686
115686
115686
115686
83254
133076
115686
7971
115686
7971
115686
115686
115686
115686
115686
115686
115686
115686
115686
115686
115686
115686
115686
133076
36425
56814
135838
41287
8618
37309
115686
22567
24928
87213
18759
132205
34701
134399
56565
115686
104838
115686
122123
128449
8810
18492
13242
134516
18516
12957
129534
115686
52161
115686
9782
27035
133944
52968
113742
19481
22906
15886
46215
5424
34623
12576
8109
13226
32151
50340
69533
40979
51896
50342
44230
10598
31978
3536
37897
41305
32260
10930
26175
37836
1808
4845
9970
22969
20976
123971
136125
9697
2555
39986
101669
18968
12630
51399
6886
115686
10026
10377
11584
9334
52346
100773
43144
911
56821
67131
1825
14468
135966
14204
14230
136059
9293
21064
21330
14238
1127
49138
3556
75093
69132
81639
8393
62200
75307
4017
9056
4194
128621
7231
20138
7638
400
22411
39330
116117
116117
116117
3802
7659
31203
7660
14748
55978
20423
68170
966
36081
1368
55465
88718
1375
74442
21404
68392
3413
55607
74
22548
598
40587
84591
130626
75098
117962
49565
75095
135720
55572
129551
479
479
1028
86954
1038
49227
7688
4152
7291
1049
38809
3634
74941
107079
2814
68215
41515
4780
4773
15402
13786
68184
62795
1515
55467
7713
7714
22567
31106
36085
9266
3573
1133
55827
3851
1554
3854
10565
21848
133273
3890
32032
40716
4476
4417
23158
7346
8403
1578
648
49236
658
7351
134495
2935
56406
48071
55923
49241
40725
37583
56409
68564
20367
1186
3645
113560
2277
56491
37989
3320
55849
65620
4785
22767
8411
7813
32109
36179
5082
12578
9441
8915
15775
8332
41200
1767
4712
1771
137208
31344
8344
7411
1794
100724
32110
32039
7420
55655
20979
20973
82414
40628
31275
137248
32045
7435
74441
1877
122148
20560
69028
1907
16354
1918
22610
3354
56509
4518
22495
32054
3682
709
1954
1957
137212
68265
4528
20101
57138
3934
4817
3686
4427
88782
3690
56427
2013
723
55674
7703
134049
2027
68475
133815
75059
4390
5940
37842
9781
130700
129613
135870
74905
135303
123536
3884
32219
2185
6885
111010
30980
4562
134761
56080
8427
2263
49268
9
3074
5048
74302
2297
392
7948
7951
138302
7548
27890
7550
11718
37961
129735
52098
45941
110962
57008
9719
68302
7962
82466
32609
41205
2856
2389
7964
82325
18346
9148
18180
52094
45584
41849
16982
23531
13121
128610
13212
52235
17675
13165
18182
17568
134552
14173
17668
77423
17687
134635
49467
31331
41848
32604
15797
7562
2404
32757
68304
103869
396
34027
3539
49533
51110
10382
18312
83254
83254
8433
44790
135671
12907
19037
11848
64602
77213
5075
8434
7971
14166
7567
9299
41646
100939
9155
7973
32204
960
12951
9558
7569
4577
84781
45654
32414
15090
15655
91153
14124
5297
32072
17077
23067
4761
27092
17576
20830
10787
40776
41261
21267
9854
55842
12771
7980
137222
55731
11905
2489
128229
128229
3961
2530
86868
105296
27825
16352
15511
18594
128807
6659
28544
16988
72130
27095
19183
19792
86702
27415
15516
56710
49520
41089
41009
6280
11799
16635
18691
88578
32770
55762
2568
5176
21215
8914
56453
133081
56530
69102
65280
7601
41287
134003
129791
137243
100054
9808
86846
86980
19202
68641
6704
45683
48772
32590
74470
9147
26426
16802
10219
41526
36822
52105
23120
41228
9885
23249
40826
10859
20737
56788
2528
19952
40968
71010
23069
17144
8997
51678
40573
11053
18340
17995
128318
31399
17006
77648
86127
12942
18214
12978
60033
45811
23378
68122
17083
45458
11238
15927
76448
132942
45841
16513
18218
79950
8802
56960
8923
9880
56032
78035
13163
28313
18221
16349
18223
32375
52243
14738
27410
78041
49406
3577
52182
21941
14116
18229
48424
51883
8021
18819
13067
38298
38058
2376
52766
22674
16619
77940
4852
2110
18615
10396
67092
18695
17617
10606
8043
11689
28093
62431
20515
41263
44922
11702
130480
17680
41538
4397
13043
10889
18467
45139
36931
12460
57211
40927
52118
69244
18938
32488
96916
9311
34495
31402
10819
9869
33586
17099
12904
51905
4708
133885
105668
32138
69109
11786
56439
8057
8062
8742
19559
18139
20162
65044
21392
18485
52120
41400
8073
49432
9038
41003
128665
55962
8081
28297
16964
6059
128466
136186
56358
65137
23090
48288
8440
18155
22068
10188
131253
32187
8452
5197
8260
8462
9679
4814
52380
48535
31247
8175
5981
88843
136485
13135
11861
8477
8143
40903
8479
78348
5891
32146
32196
23727
4335
8496
3110
8501
8310
134489
134332
134491
134496
136775
128594
116071
130030
36142
23493
16346
51881
44480
897
18330
21072
138443
16297
33470
10915
27942
9013
23371
8766
8604
44911
6182
18560
77569
71226
136278
51900
72110
52701
22946
66636
129589
19853
47831
49991
15221
8995
128524
25135
82369
16371
12993
16948
17011
56284
72278
135719
129614
49561
49562
82485
45667
133438
134511
53366
31983
54151
54378
55190
28725
9954
87288
117988
17594
23068
45709
35977
77865
49366
134514
57169
12738
8859
41728
115930
20046
20003
45131
17030
47978
49531
128168
49614
21113
136280
11311
115686
45156
51848
41867
8250
1859
45851
12803
49583
50962
18345
37964
45145
55726
9268
3836
8252
75049
56674
17644
75050
3355
40844
9548
133894
4170
12149
16934
4628
11641
9158
10010
41225
49760
41696
65296
23770
9762
18000
37847
2635
3098
4676
22739
2804
4804
22942
5092
134306
40870
22812
229
55793
4488
22994
2895
21173
1208
9641
4718
32791
38094
68224
9573
23042
38105
4231
44071
32175
115686
115686
115686
34534
69402
18719
130394
9472
9337
10454
55973
69170
9720
23162
10515
13207
10529
49599
32310
10491
9444
4721
20579
9443
8645
2708
74459
8301
9787
137336
121622
22976
431
40863
9387
38057
10555
4964
134155
4902
10986
10665
137342
10733
73264
12995
23071
37963
10098
41138
56920
22808
48572
8661
56913
8721
8258
9162
104136
68419
23233
69341
134037
32350
2869
11063
3402
8201
82436
44342
82747
78163
115686
69402
48071
77951
18529
82470
41287
34988
17016
49708
37882
41405
56943
11151
11154
11101
53159
4339
11188
81827
56863
11208
129707
11300
9390
9392
49770
37434
36409
41625
11920
8671
41862
22740
40876
11927
41517
9231
11932
134103
122116
11938
47720
10708
18269
23543
84685
81651
32635
9318
10180
56875
41100
39074
11973
11975
11825
11538
75316
11989
45708
10532
4234
115686
115686
141159
12003
9161
12991
133076
12007
115686
115686
115686
32460
57034
49838
32638
32639
11572
23553
75225
12024
75226
12026
12028
133076
84592
69159
86343
141114
12043
10687
12052
12055
49841
3589
40205
11289
8392
23395
9912
85555
5513
9696
70768
2308
18641
40929
12096
13236
9067
11253
10103
41660
19034
1012
8093
115686
12122
81801
31270
12129
12134
8740
57000
9093
18373
17579
15436
10802
129776
11155
128538
32408
10830
69410
12159
9221
12161
27867
130028
15202
12173
11831
9917
8617
12183
65053
9230
9976
41676
41254
12731
41678
10217
86128
130749
8337
10410
69415
27865
10941
11590
69200
75241
41565
12237
11349
11387
16348
130752
32665
57057
77715
12248
12253
12256
130753
19280
7387
18903
11576
12265
16304
11312
51350
22889
11488
45933
35335
11242
9084
32251
23778
17622
9830
8122
41550
8328
47915
16324
45949
15591
6443
2108
12298
10848
130756
117445
15868
8892
12307
16212
27077
75283
18713
19260
106211
18892
505
86127
82362
137380
72545
79885
12312
19058
52649
16355
12315
17027
41389
32776
4664
12334
13090
25228
12337
11517
12340
4788
134017
11254
15780
17653
11240
4015
4630
33447
9180
27024
3584
16323
6564
71928
31675
4399
4719
115748
12361
68417
17947
45971
79568
41957
78002
52823
49974
86643
31589
10029
16357
78009
13028
11653
18827
41210
23356
134158
86765
15741
12376
78138
12378
19274
16946
12896
13159
129990
69435
55805
41893
13807
31119
51671
86127
41073
15850
10043
41725
41726
18484
17022
75260
22476
5482
11360
23629
12395
11085
19038
18417
10073
12559
11490
17678
49781
826
14156
27419
86732
55930
23116
12800
52846
69217
25745
40924
23357
12416
32689
8659
12959
128474
71837
11629
10003
69394
4624
12418
51830
9738
87053
62
10426
20993
135760
5561
1967
12444
12448
12450
23275
11433
12975
82592
10700
23461
34254
31249
12461
4926
15872
12465
11888
12472
12474
45668
15779
75215
10006
85987
42965
66103
12492
9911
10104
35455
12495
45831
12918
134887
17569
137391
69485
135977
41756
88508
135838
128448
9593
41557
134310
77851
13624
49905
51650
101691
57006
2086
12514
10005
45488
45483
23652
52264
36215
32383
10707
79144
9302
129785
23654
51655
11374
77044
39772
16942
10478
14482
24942
41468
32702
52371
49912
4861
69337
34923
8790
52601
38263
41601
57098
10416
17583
12860
78028
69456
23668
65259
49914
27056
16328
10027
8874
83646
12571
75208
68173
32475
56783
12581
11525
134531
111041
10814
82464
14311
134760
16553
12551
13241
54900
10912
9992
115686
81927
19147
69235
18989
18321
67159
102013
35506
35315
34999
52617
18170
23485
12595
49519
23509
32709
11380
49660
33650
133296
49919
75282
9663
85810
12601
18339
50045
83496
16510
88915
83454
2628
137364
12605
38779
2586
12606
16959
16344
36871
9199
84861
78036
2597
49921
12619
85776
123829
16392
14208
90802
27384
11005
5222
18879
123944
32345
11600
37198
18802
12632
21240
31415
35330
130660
49927
137366
135930
68364
12641
130062
77543
23384
32720
130772
32520
9898
9378
113740
19268
57110
17048
14831
35305
35425
4839
82283
41184
18531
11757
3610
16953
2714
8839
2711
11400
14601
11597
12674
12676
14254
12677
28122
16533
11259
18172
15880
12686
10679
130780
6752
11258
23421
49992
44924
11847
14268
136638
12707
84880
12322
10940
11550
11879
56334
57027
69371
12749
69382
55957
12819
36476
12850
66961
129775
41174
41368
6607
41431
41355
14225
8854
2672
52156
134485
18433
39206
13143
9784
68548
15878
