9219
40759
2486
12043
31190
115686
82993
134350
86944
134350
86944
69402
134350
134324
134350
134350
133105
136624
86944
134350
136624
86944
134350
134350
86944
134350
86944
134350
51391
86944
134350
86944
86944
86944
4702
86944
52388
86944
104838
86944
40759
40759
104838
37978
83554
86944
104838
86944
86944
3790
86944
134350
86944
86944
86944
86944
69443
69443
69443
86944
86944
69443
75185
41829
86944
115686
115686
55623
115686
69443
86944
69443
85300
86944
134350
134350
115686
86944
115686
115686
133056
86944
115686
115686
115686
115686
115686
86944
115686
86944
115686
86944
134478
86944
115686
115686
115686
115686
115686
83254
133076
115686
86127
7971
78045
115686
7971
78045
115686
115686
131736
86944
115686
115686
115686
86944
115686
115686
86944
86944
115686
86944
133805
107053
115686
128452
86944
115686
134350
115686
134350
115686
69443
69443
134350
69443
86944
69443
74378
115686
86944
86944
128452
138801
86944
86944
86944
86944
19759
86944
86944
86944
86944
86944
86944
86944
23725
136626
136626
136626
83326
83326
83326
83326
83326
83326
83326
83326
133076
134350
31404
3195
134324
134324
137765
6872
139075
134324
79022
36425
56814
52599
135838
41287
50671
8618
18662
37309
41537
8594
115686
49947
48275
45636
128192
134324
22567
8555
8708
24928
11137
64373
130370
138713
87213
132671
131587
18759
133105
68066
82309
110649
128537
132205
136272
34701
131540
134399
137217
13149
78045
51921
115686
32200
19115
27084
12997
14151
18435
39246
41001
56565
10809
86944
86944
115686
86944
86944
86944
86944
86944
86944
86944
86944
86944
86944
86944
86944
86944
86944
86944
86944
86944
86944
69443
104838
79846
86944
86944
86944
86944
79022
86944
86944
86944
129669
86944
86944
86944
86944
55991
86944
135819
79022
86944
79022
69443
86944
86944
86944
136626
86944
69443
86944
136626
136626
136626
14763
5117
45728
115686
122123
86944
86944
86944
139293
134361
11202
34695
32263
128449
10210
18821
11001
68066
8962
16341
41617
64353
8810
18492
19056
45499
38150
13242
134516
5621
6579
18780
44545
18516
247
32254
100292
12957
16298
32425
9768
134156
15882
23048
129534
115686
135973
52161
128726
115686
141212
14334
15903
9782
4113
128200
86995
27035
5129
133944
27885
15885
52968
100845
17533
12254
8611
113742
2554
76444
9185
27855
8845
19481
22906
49654
5274
36040
1664
854
10398
3276
17084
330
22704
12837
74841
37831
5128
12273
68281
15886
49982
69187
5576
46215
14675
15889
9524
4082
10189
5424
34623
12576
11125
8109
9714
12346
6629
138093
16943
41026
38195
19055
76766
27888
12745
68533
49590
13226
8728
3901
8701
32151
22888
17686
27085
69517
2718
39531
23385
50340
34525
18932
36231
69533
6173
5001
12932
38294
8928
40979
51896
50342
9798
5156
43997
8649
13167
44230
37615
10598
31978
8549
6973
3536
37897
17706
10588
14879
41305
32260
2368
10226
56679
11479
21385
9534
10930
14200
14202
2342
2546
2204
122031
8289
37975
11305
11343
26175
37836
1432
4702
1808
55566
4845
9970
22969
22397
2908
20819
20976
133984
55561
80171
7005
2645
123971
40982
136125
9697
14345
2839
2555
39986
2983
3297
9685
23664
22803
9675
55940
4149
3448
101669
8323
18968
13092
12630
68832
31056
27069
31288
4960
13570
51399
121782
5905
10059
52179
38239
11268
10282
18444
4223
6886
9182
13134
1207
115686
57094
12490
10026
35303
56558
10377
9149
20897
2166
11584
9334
52346
4860
13107
100773
17132
16343
130379
12900
5571
37736
37922
137254
41475
2979
57137
55553
20251
47921
9205
4880
20332
3197
2162
43144
911
37271
2593
31475
100930
56821
67131
84371
1825
4317
1519
68268
469
39658
12888
14468
84697
271
6
113718
55855
1596
10746
40822
128301
37940
913
4227
31411
68428
55485
100
37854
68198
130545
135966
13210
13211
11852
69255
8236
56936
14204
14230
21130
3175
21022
38053
37498
3
37497
2986
37351
14138
136191
1657
38299
594
60
3525
1219
20343
136059
9293
14235
21064
69209
130042
14237
123845
7613
21330
4745
14238
24919
24918
133938
7
1940
20906
863
5211
865
79549
35221
23815
74862
10773
2395
74925
1127
49138
20824
21381
866
868
870
22758
73888
68076
4891
550
878
40690
36278
13
27907
90852
14
3556
403
1224
1226
20135
31165
100376
4688
2887
3785
17
1229
110441
55480
75093
76446
69132
21073
81639
2041
8393
32490
9356
55884
32608
1235
41076
62200
41882
36422
408
20179
75307
74385
10664
137229
36058
55557
68445
68164
20312
55558
36149
2770
4944
56898
4017
3000
7626
32079
30950
55619
3566
901
4809
55936
68447
30951
26
7628
56379
68051
20398
48000
68166
28
1249
9056
56086
68195
55593
1256
68986
68377
90945
21123
4194
4179
128621
7231
7631
68998
73870
20138
10504
6899
3790
1265
1266
30952
564
37509
36075
1279
1282
2931
3795
35
48402
56461
20658
56382
7638
2987
916
7240
400
7242
7244
22411
20320
81684
39
37642
2912
527
2989
7245
38108
135613
7642
20445
1293
1295
923
7643
55955
926
1300
20410
20911
929
3194
2990
3195
55599
31276
5027
31406
4953
39330
37910
574
44
31023
45
68031
579
20186
20187
68212
20857
116117
116117
116117
936
100780
37523
3800
1326
7252
7651
55956
7253
55514
2736
7254
37912
37455
11168
7657
20330
7658
1433
1434
1017
1330
942
68389
1331
11173
3802
74520
20331
89116
7256
2712
7659
31203
55562
1334
37525
7660
2995
3208
14748
7661
55978
20916
1337
7663
1343
48353
1345
20423
68170
508
20915
20512
20420
41451
137230
31166
10644
1361
20424
1359
74409
55429
3623
963
333
2999
134519
55859
966
36081
3548
3211
3807
3808
1368
1369
1370
171
99735
129115
7652
55465
88718
1375
74442
21314
334
31055
77852
72199
2941
21404
3057
37530
77224
3213
73872
9620
68392
335
3603
1384
1382
7670
22419
2567
4219
995
3215
7672
7274
13019
3413
56389
3217
22421
1396
7673
55607
55433
20437
1390
68033
20071
133559
55434
20119
1391
1392
37917
73874
69
74
30982
3218
3124
6953
3006
75
999
48052
1413
22548
3222
598
40587
3223
31375
84591
37465
81850
74392
130626
75098
117962
49565
75095
135720
128275
68209
1424
133907
56073
7282
3817
90874
55572
9631
3228
37874
78
4011
49222
79
1015
75187
130627
130627
37550
1373
55616
36159
68053
76699
3834
134102
1024
80
133055
129551
37347
73875
68035
55488
3544
1026
479
479
3234
1028
86954
39086
10951
1444
130530
37554
616
22430
1447
1449
1038
3425
49227
6797
1039
55770
7688
4152
1042
22431
20869
7291
87855
5135
20856
1049
124071
7294
56000
3411
68479
1058
38809
1464
3634
74941
128363
137232
20362
55576
31253
74413
56129
7297
4798
3260
3438
3829
1476
1478
89
107079
2814
1482
3263
3019
4284
68141
68141
74545
56394
20123
37923
3588
20364
3557
2779
5240
103998
123817
3021
7303
3833
7743
69013
1088
1089
1090
134005
2694
68215
68216
1095
37478
49308
20929
56396
20940
94
3272
3273
20457
1097
55623
7306
41515
47906
5301
4780
133105
8293
4783
7308
3636
37560
7309
121902
56752
134632
30957
345
124469
9104
4772
4773
15402
3025
13786
41494
1510
1511
104
136636
68184
5220
68379
34134
37561
62795
110
48164
121617
55800
134051
66302
1099
21295
30958
1515
55467
3030
113
7713
7714
3034
10874
3036
69065
116462
4864
115
31038
20372
22567
3288
31106
1431
40604
36085
3038
7718
21091
7318
31078
20871
9266
11092
121778
1531
1533
9037
7322
3844
31403
3845
7324
5144
74295
79330
74522
3573
48068
20750
23004
2590
2617
20751
37906
37268
1542
1543
124
1133
8469
55827
74511
20798
32089
107053
101265
637
1548
638
69015
32030
1551
68449
68040
1137
137233
10289
101542
40607
132
36308
41535
3851
37487
7337
352
38024
1554
3854
68220
1145
10565
31267
7730
20378
134
104035
136
4016
21848
133273
32203
1148
37567
3890
22726
55885
55976
68386
74417
55539
55975
1566
55534
55532
4446
69140
40714
32427
40715
32032
40716
1571
1572
30972
4729
7343
20477
55582
3118
129967
145
31228
128189
4476
3875
4156
4417
23158
3879
20155
531
3882
1576
7346
8401
8403
879
1578
646
648
30960
1577
7745
49236
68226
99786
74378
74378
37355
135605
115474
121492
658
117950
660
37971
7351
353
136788
123820
128352
128352
5072
128352
79525
134018
123981
134495
134170
134170
55888
68403
68229
2935
1592
469
3897
3898
20489
68187
31353
56406
8407
1466
50037
48071
32094
437
88330
1117
1114
32469
22456
1171
56483
68766
55923
4900
100530
37273
158
135819
3643
128537
134266
38066
2602
31075
1611
1612
49241
74524
134628
74950
81909
1174
40725
37583
8409
7774
68095
56590
55587
21477
4261
68524
135835
20089
40728
69149
55588
56409
1180
1626
133785
68564
74306
1624
20500
2253
20386
20367
20930
5277
7777
168
1631
1632
1633
1186
3645
21195
55803
169
3607
2894
134089
1203
1187
524
49242
4041
515
30997
510
676
1194
499
500
1192
56489
1641
2698
523
1198
7378
37496
1643
1645
3318
7380
5490
1652
1653
1654
69021
1204
4048
1658
4049
4436
1662
20508
20091
113560
20510
22999
3496
20511
1346
31269
6289
1673
2277
180
1678
21033
181
14255
7789
1679
7390
1684
56491
56492
37988
68134
37989
1691
7392
3054
18404
22589
5883
99835
4821
3320
55849
69022
55829
65620
7799
7801
187
108238
4056
4785
21417
133978
7396
3123
931
68141
68141
68141
68141
68097
68141
68141
55642
20520
20521
22472
3727
37990
7803
55448
7397
21146
37306
18279
37604
1722
1723
191
7809
68249
7810
4480
3468
3454
4064
2891
55647
22767
8411
55469
7813
22475
7399
134662
81806
55848
7816
1734
1735
197
32109
37277
3912
21218
31220
41321
7818
4927
4530
36179
1741
4074
563
200
1744
1746
1747
31250
37612
5082
48301
37408
369
7405
16
11456
15874
11346
12578
15606
14164
9441
7823
10089
56411
12988
8915
64370
43155
452
88708
15773
15775
136465
8996
8332
9109
41200
87858
7409
31086
15895
1767
25661
4712
21196
21197
55937
31310
4079
4314
74552
81816
1771
23188
23188
23433
23188
23188
23188
23188
137208
135743
1776
1801
31344
55982
8344
1777
11246
37322
7411
203
56412
69077
1782
20538
8414
7413
1791
3325
40496
4904
4322
7832
7414
1792
9692
1794
133779
100724
1795
32110
3657
4080
31087
4327
32111
32039
7420
1800
206
4334
692
693
55655
37980
20979
1814
7839
20973
4340
40748
5275
38116
21040
3329
82414
40628
32193
55938
4324
7843
4344
2841
11216
1826
39746
37622
4433
210
40749
1833
38111
1779
7850
20851
106257
4347
7207
31275
137248
32045
215
31092
8639
7433
69079
128512
129835
20558
69080
7856
20100
49481
219
1855
7435
4352
3924
7438
40754
136488
20559
55953
37629
134533
4669
74441
1870
375
27827
2412
4086
4087
4088
3928
1872
7863
37631
38149
1877
1878
40575
88815
2695
122148
22604
88836
20560
133879
696
101539
36176
4496
37982
5074
32049
7865
8121
3351
32050
49182
699
55471
2876
2875
32543
5951
4502
68505
4507
4509
69028
231
7455
1905
7456
1907
8542
16354
1912
39965
1918
6957
31202
2972
22610
4093
40759
3354
40954
1923
30998
55806
55495
37638
56509
371
99789
55664
37369
31097
56419
20574
48115
44067
20834
4518
1946
1930
22495
21244
7878
32054
1951
22614
21043
3682
709
4520
1954
1957
32055
74303
31361
1960
121491
137212
7214
68265
37643
7884
31363
137213
4528
7885
242
7887
88554
55668
20101
3684
7888
37647
21542
57138
1980
3934
1981
4817
1982
31103
20581
21249
3686
11214
37995
100644
93492
55958
129620
37650
121718
55679
55963
37667
55680
21263
20104
4427
7473
7474
100781
32059
716
3138
68070
20571
717
48120
8471
88782
4513
3690
2002
256
448
2003
80174
4536
56426
56427
7482
7896
37656
227
6107
6802
2013
2014
723
55674
7703
134049
80163
4915
726
727
56428
2027
105262
37659
135423
37660
56429
68475
68099
133815
75059
7488
9116
2042
37664
3064
37666
48134
55868
733
74292
7904
37288
4670
4390
264
2069
134085
68275
38075
37680
3116
386
2081
5940
4560
86889
223
37842
13251
7495
9781
737
1843
16331
738
130700
129613
135870
16059
1119
49724
20261
33836
56737
7908
41830
37374
31382
10039
23001
48140
137217
116060
2117
2587
20744
22500
2122
37691
3941
3254
74905
2120
7246
20621
37856
8094
908
31387
20623
2129
2130
55693
65995
7499
4279
69087
86092
65996
2140
269
11059
36154
41111
103879
77615
40765
40641
9642
9284
14584
3408
3371
69035
38161
2155
18778
74294
12908
44552
87808
82382
3423
74972
44913
135303
31255
51273
123536
3884
32219
31404
84779
136626
2175
38238
7511
20637
37707
20151
2185
4099
137218
6885
111010
2189
30980
7917
4562
9039
2192
2682
123916
2820
134226
2813
7920
2199
37711
40648
2206
21010
56594
5042
37712
55455
6943
68543
37378
7922
136129
31001
37416
68148
68112
133576
100680
4565
7521
68287
2228
137318
7924
7925
2227
4567
137239
455
4781
90897
4751
37716
2232
281
74538
136612
37717
9735
134323
12822
2241
3375
134761
133974
128606
5045
1965
56438
105617
40653
56080
3422
3597
4642
40654
31286
7533
2930
36201
8425
21282
2949
8427
2678
57205
3945
2263
49268
2266
1126
37721
55708
9
31205
48364
2897
22627
20652
8227
83252
813
7934
3074
22628
5048
21053
2281
4572
5047
4714
7939
4384
8285
2893
37976
32067
31124
3948
31389
20283
21312
20662
39495
20990
3075
21055
21155
38049
68531
68520
74302
1399
2297
128699
55759
2303
68296
79498
457
31129
31370
88709
38251
86944
37857
21317
134543
37729
68297
9618
2333
392
10551
4117
38253
5057
7948
4118
2338
21378
22631
294
8276
7951
7952
7547
31132
39748
137240
22633
21045
115927
111129
138302
49388
21247
37888
8887
55983
74460
2354
7548
68354
20156
27781
32756
27890
7550
11718
21610
37961
129735
83495
52098
138427
3079
20966
116108
45941
31135
40514
9967
110962
101663
17100
6332
5387
3383
2366
9208
138401
4573
7959
21191
38206
26615
37788
40996
27040
297
21428
7960
20679
55718
2373
2374
57008
10477
18690
9719
68302
1609
7962
22515
11452
134327
101673
91149
13770
82466
40992
2722
32609
9770
7554
49197
102151
136037
41205
15425
37941
80191
7707
105435
2382
5260
7963
2856
2854
43154
56521
128601
2388
57115
32278
3959
7557
12985
4121
2389
27877
7964
2252
82325
31121
3456
20987
117703
36424
35238
24917
11583
16993
18346
5089
4075
10486
17696
18447
9148
18180
11749
52094
11530
45451
17712
17122
19366
9871
13388
45584
41849
4738
65245
56999
8841
16982
23531
13121
128610
10236
4578
13212
75216
16386
13503
52235
14272
17675
13165
18182
17035
17568
134552
9064
134539
27540
14173
18153
17668
9349
18905
12876
77423
69297
8354
17687
23032
11006
134635
15037
34921
49467
9040
11661
41856
824
31331
41848
2398
53031
20789
32604
4916
31233
15797
2401
7562
4128
2404
15481
18185
18897
11287
1250
38123
160
32757
66194
55984
68304
103869
40774
396
34027
51897
2414
2407
3539
137220
7563
7564
4338
31779
2408
10072
7969
86950
49533
18390
303
51110
10382
18312
83254
83254
8433
138410
44790
135671
10483
69385
16195
68463
11782
12907
86891
76175
41279
68719
19037
10719
86729
11848
18192
100289
8816
27834
9916
56583
20714
68532
55815
64602
51942
10046
2880
77213
5075
8600
8434
7971
14166
7567
12868
65235
8581
121676
9299
56959
3028
41646
2415
133740
21182
23522
8597
100939
2418
4333
9155
19662
14583
38099
2879
52664
18391
18945
3183
56235
7973
104099
32204
51856
41265
38834
48325
960
14128
12951
11612
5258
9558
17076
41445
16454
7569
8579
41051
4577
84781
69043
45654
32414
19024
10147
6131
15090
40980
11077
9189
10945
15655
91153
14124
5297
32072
38276
4579
46165
17077
15016
23067
540
69165
7572
7573
2432
2433
37294
3177
2435
2436
3391
33597
4761
14695
27092
17576
8752
308
31142
2438
104197
7976
37747
18902
20692
87796
2443
65246
4222
4135
20830
9030
27037
4620
36321
2444
36322
56843
4709
3541
10787
2680
37749
77337
68154
5124
40776
41261
21059
38259
41002
138428
21267
4976
44893
9854
16997
20967
17078
55842
19482
14243
9437
31144
55636
12771
22519
4583
5162
828
7980
18405
309
68050
137222
137259
11219
2467
134711
5411
4859
38007
2468
128637
134309
2666
55731
86968
41418
68153
2429
37757
460
11905
3397
22522
56448
31512
7984
37759
111053
49205
2487
137224
2489
68498
134527
128229
68496
69045
128229
134314
68503
69099
20711
402
128202
834
4585
21061
4636
84372
43226
2951
22002
129435
68308
56137
8435
37894
2516
39090
2520
86211
20715
20361
3778
6585
320
3418
21398
7586
40902
3511
37846
7592
3961
2530
38098
20793
86868
2531
838
7594
107244
2534
3962
22649
20847
5175
4301
6430
55740
2538
10612
443
8898
9599
32130
105296
109421
135649
27825
20729
16352
6396
466
15511
18594
15140
38287
7995
128807
28259
9533
32536
22651
6628
31152
4380
10142
131221
2883
20883
23784
23455
13137
22529
20720
10534
6659
28544
11536
3722
16988
324
40784
40784
9343
72130
27469
12998
32575
27095
987
19183
26151
10235
32233
19792
33167
3742
134446
12515
11843
25090
10810
134350
9585
3475
35410
86702
27415
15516
38387
5136
14207
3170
36415
416
27044
3401
56710
82269
49520
9767
4452
41089
41009
6280
40882
11799
16635
5848
23077
9006
9839
13057
40994
45809
18691
22725
37767
56528
2556
31401
124417
15760
88578
32770
13176
55762
20842
4146
8270
2568
27795
41202
1724
2580
9345
41015
8003
32015
2560
134065
31159
5176
11857
13683
21215
9395
32466
57005
55961
8914
45950
56453
133081
2558
40682
56530
49414
69102
65280
7601
41287
134003
77326
41135
129791
137243
100834
100054
10834
9808
49280
86800
86846
86980
17701
17140
71313
45955
19202
2561
56456
56456
68641
6704
45683
10595
106649
45457
53056
11269
48772
147
32590
74470
74984
7609
3167
31164
2689
22702
130657
134437
133873
2716
9147
1922
14117
20909
82354
26426
17004
8980
16802
134509
10219
41526
38231
51916
9507
8935
32514
9194
32679
35258
15419
9844
14118
36822
34991
52105
31425
138303
68367
1020
9057
18920
23120
41228
32484
135857
9022
9885
49773
4447
11865
23249
92693
40826
8895
41422
32215
10859
88487
11637
130458
20737
2699
56788
6056
55872
2528
19952
10582
68260
17739
9531
5188
40968
49413
35243
4277
37855
71010
18151
31289
77409
23069
27071
17144
8997
40855
69303
1068
9002
13232
8132
7221
130478
51678
40573
11126
46480
4047
11053
18340
10254
130042
17995
18159
722
10080
41036
100830
32328
32754
10004
128318
14251
41299
18393
10414
14145
31399
17006
20532
4430
64815
77648
45603
86127
12942
18214
18215
23059
32284
12772
16378
38112
12978
10076
23179
9897
60033
11743
14916
16823
17953
50026
56299
11393
45811
23378
65285
68122
17083
14899
45458
11238
573
15927
76448
8795
11450
18692
14172
42327
23464
10926
11396
41142
137653
131294
4659
18347
10705
132942
16600
18607
41399
45841
16513
18218
79950
8802
52852
9960
56960
83295
9766
9853
8923
13093
23465
45429
23228
68370
9880
56032
1213
78035
124356
11569
32778
13163
28313
3151
18760
56300
9163
43895
1354
18221
16349
18223
5044
21214
32375
52243
45165
4766
101023
25183
15141
20595
14738
130508
8160
27410
8314
91131
78041
49406
13421
115929
81826
39318
32785
31330
31252
52110
15570
55971
66313
3564
17703
22837
3510
10273
134538
4208
2677
3577
18226
16890
23080
55666
52182
27616
3976
104282
72101
5970
21941
18611
14116
32611
56537
13330
128364
18229
5109
27803
35390
888
48424
8014
4437
19330
11555
128362
128362
996
1046
51883
129932
128170
3837
3838
38170
5358
137244
21334
8021
55922
8023
8025
18819
18293
10309
16316
4870
74563
21222
13067
40794
17041
38298
38058
9341
81825
27805
2376
1895
52766
128369
18612
8035
22674
21414
16619
81740
40917
55840
77940
37637
68506
4852
38145
2110
5272
21148
18615
10396
67092
8040
15019
13493
18695
17617
10606
9601
99740
2276
23450
31662
38077
38181
4597
4266
4267
44720
3256
9262
49408
133942
17028
8043
10706
35430
36169
11689
28093
37895
62431
18617
14115
56605
8868
72228
17606
18377
19093
20515
15422
69390
117700
33158
41263
842
44922
9852
11636
52184
41430
41841
18243
23125
11702
62172
86743
17695
130480
16286
40943
4180
129566
18465
17680
41538
4397
135985
17889
13043
14247
10889
11513
18467
45139
36931
10835
8813
9700
17034
45688
4924
18619
12460
57211
40927
52118
69244
18938
35462
32488
17734
96916
19529
70580
34922
136197
9927
135953
1045
10266
11033
52739
51391
49691
16314
19406
17156
51851
41196
55702
87221
4540
9311
34495
2343
17009
5605
36929
31402
31347
9783
10819
17045
9869
33586
78104
17099
2592
12904
4609
22825
56686
17063
51905
4708
133885
137245
22695
7583
37255
128630
128630
105668
55798
32138
8438
8053
37570
69109
2063
48159
56548
8056
74576
31346
37670
11786
56439
31777
56760
3638
8057
8058
50532
41336
22681
8236
2080
105299
2089
5209
8062
4816
40802
3155
8742
3424
8064
2636
11529
2176
41109
36501
8838
4691
66368
49723
54768
19559
8780
8974
10820
20159
136535
18139
20162
65044
32457
8066
542
49291
10340
2606
21392
22082
22686
522
2380
55839
32307
18485
52120
56682
90888
99414
41400
41169
8475
2871
8073
16453
49432
7442
9038
19521
41003
3100
128047
128665
55962
9034
554
8081
18162
38230
4937
36200
8128
11138
11545
56712
19546
4050
28297
16964
6059
37371
128466
8950
37590
136186
56358
65137
49075
41201
23090
5568
8987
34290
32140
4851
20936
48288
779
69113
31434
19064
38095
18701
37942
9287
56706
8440
23734
83298
41832
6399
18155
40891
68142
22068
10188
19567
13221
16403
8442
131253
113769
32187
8449
8451
8233
8452
8453
5197
31219
8454
40893
8455
22775
7150
747
8260
8456
121695
31996
8462
121602
22778
9679
56602
55942
37437
5183
15778
70874
8594
9928
69193
12881
55916
4814
18628
52380
48535
9873
19524
31247
32493
18916
11416
8175
32580
5981
8926
6421
41686
9181
10430
88843
16014
100935
35357
18817
136485
73803
45411
15891
13135
36344
10275
17547
16887
11861
8691
10591
40112
37401
17900
37480
8477
6960
49351
8143
22785
40903
8479
78348
1193
8480
8666
8482
90898
32195
5891
32146
74514
8490
32196
8493
8131
23727
37878
4335
40906
2735
1525
8496
8130
3968
21276
25260
22823
3110
8374
8501
113707
130673
4692
4212
8310
37824
134489
134332
134491
134496
136775
136776
134481
134492
134468
134474
134461
136248
134305
136769
136768
135982
119667
137349
134480
137350
136358
136774
134442
128594
135791
116071
11130
130030
36142
75345
14180
123926
22878
23493
9948
1065
3315
75172
16346
18702
51881
45882
12449
4115
11275
4774
44480
8933
10792
12964
897
49713
31137
22907
10586
18330
23251
18546
27057
21072
138443
16297
4575
14598
13022
14453
17647
33470
10915
27942
9013
45954
23371
14860
8766
134493
62452
45845
10854
8604
44911
49405
66198
233
6182
65318
55618
18560
36420
48430
18707
77569
71226
48130
9000
86351
136278
82993
51900
8760
18567
27862
69814
10160
133862
74286
134494
134466
12961
4846
15484
72110
49488
52701
68565
32377
42094
10667
130065
57133
138627
22946
75130
4209
66636
11739
77630
129589
14377
46417
51892
46568
19853
18639
77947
51912
47831
83279
45136
13077
113391
49991
15221
8995
128524
25135
55575
8951
51633
62496
8812
82369
69669
41829
41829
19511
16371
11442
12993
16948
56097
17011
14744
9870
45576
56284
25281
72278
1547
3763
128442
136272
18939
135719
129614
49561
49562
82485
81391
11815
45667
86785
32300
133438
9153
66164
57070
134511
53366
31983
54151
10255
32244
99373
6030
11440
86893
54378
71930
55190
28725
73393
128454
9954
87288
133723
18773
31928
117988
17594
23068
15412
45709
45966
136447
35977
74462
41622
77865
130035
49366
134514
57169
12738
8859
19641
8930
3530
86944
86944
40981
19673
141185
40759
136288
28098
134350
41728
115930
20046
19600
20003
45131
44779
74720
14176
17030
47978
44549
41114
65299
8968
133281
136043
88621
133281
85959
128034
8291
49531
18671
18948
47969
128168
49614
8394
36419
133712
14600
32576
134126
21113
136280
51067
11311
46325
43739
115686
45156
133207
69208
51848
31199
17631
41867
41804
79022
8250
1859
35491
49977
45851
12803
49583
133863
79041
79330
69443
23725
23725
23725
32512
83298
128534
128534
40759
40759
40759
83554
83554
86944
86944
50962
18345
4306
37964
45145
8619
77420
110918
128422
41065
55726
55733
1473
74307
9268
3836
56678
8252
49392
75049
4730
68455
56674
49412
11632
9272
17644
9510
4442
4443
75050
55683
77719
2752
75051
9277
8127
56282
32288
56376
9280
22800
3355
8355
8727
22817
40844
9548
8384
137317
1314
1313
3303
9668
75314
133894
4170
4224
68559
8510
20446
9632
5223
12149
4272
16934
12719
45466
4628
11641
9158
3114
10010
79541
15586
10153
117458
49667
40873
41225
41504
10775
56800
12407
4395
128791
8632
49760
74377
5524
4456
3426
41696
23717
9123
65296
6520
32699
12094
32691
134610
32669
18685
48496
41683
12074
10766
11140
87809
9821
10843
7159
23770
45475
9762
18000
75063
48457
37847
37823
2635
3098
4110
22992
94517
4672
3515
4676
22739
2804
4804
22942
37586
5092
129218
134306
7212
9622
4833
40870
4797
9410
48376
56766
90949
9253
37903
22812
4310
229
55793
31185
5388
8388
40959
5214
4488
138404
22994
123798
2895
21173
1208
9643
9306
9641
4718
32791
38094
136480
3451
664
68224
36101
9573
66300
41322
23042
68440
41323
38105
2919
10296
69270
2815
10297
4231
22933
56818
115690
44071
9327
78363
20724
3337
914
8362
4811
32175
134464
115686
115686
115686
134075
2415
65043
131699
79022
34534
69402
69402
18719
3120
23121
81830
4448
130394
1103
134350
128534
4172
734
9423
48498
21412
8515
83554
16330
9472
6668
23226
9337
10454
4211
83326
83326
3251
8641
137329
115908
22693
1480
20655
55973
4043
10328
8351
21290
1830
98871
8634
69170
4841
2754
3942
31386
9734
55707
32442
1768
9720
22696
8612
97412
3691
6377
23162
9591
3473
68196
31114
8636
10475
41090
21744
23165
48420
41215
10515
8851
10499
2608
89413
13207
56949
10529
10494
49312
49599
8229
32310
639
10491
55991
3507
38186
95094
41133
69215
3736
134118
9444
37848
21289
4178
4721
20900
3506
22710
5235
4278
10509
4648
5100
20579
9443
8645
1458
74455
21362
134530
36325
41334
2708
8635
2808
2142
1527
22807
8665
31194
10495
22953
3149
22742
31039
74459
8301
9226
20700
9787
9446
37706
137336
121622
23182
22976
62617
40934
31410
2691
8615
21036
431
2506
10544
68365
40863
9387
55629
23184
10539
21280
75045
32452
10558
10562
38057
8299
8720
37974
2275
2492
5930
3768
10570
49603
10555
10895
23186
3158
4964
134155
4931
56880
4902
10992
10986
9640
10665
137342
10733
9447
136213
20377
3592
4619
10077
41385
37727
73264
9385
128534
128534
3994
12995
8133
40784
41832
31081
6980
23071
10955
37963
10098
5087
77343
23230
10934
10779
23287
31355
41138
56920
75158
9494
10755
22808
10962
23209
48572
10971
8661
40925
10243
23302
56913
23110
86995
115622
56808
75164
38284
49376
10983
9774
8721
10984
10576
74565
32339
62163
8258
9562
16268
10260
9162
104136
10117
10988
10921
41014
10726
1964
20628
3780
45994
4201
4240
68419
9613
32417
41267
21318
10993
5844
41092
5068
81889
32510
23233
11090
69340
49379
69341
134037
32350
2869
11062
11025
11063
68422
3402
55857
37360
8201
11065
10187
77474
82436
138962
134350
44342
82747
84430
110745
73249
86127
78163
115686
86127
69402
138664
134350
134475
134350
48071
83554
83554
134350
134350
134324
77951
18529
41832
82470
69443
128537
19331
41287
135808
135943
69443
34988
17016
49708
83554
9076
41172
107623
37882
37978
41405
32517
136026
11098
137359
11150
56943
11151
11154
11101
53159
1022
20632
4339
3587
11186
11188
9435
49716
81827
56863
41012
62794
56968
2453
11208
11280
136161
57043
3441
32548
8769
2850
40809
68103
129707
8123
10372
11300
11301
4673
8535
10608
12730
22857
9390
41347
9392
41561
49770
8814
10774
56962
8521
32331
37434
9484
17650
38171
36409
136624
11605
9360
10224
41625
8622
41626
23246
5675
8667
19241
11920
49694
123914
8640
8671
7213
41628
9581
41862
7192
136199
3161
14449
22740
134002
40876
11927
8540
56743
41629
41517
9231
11640
4713
5410
41106
86883
9865
52572
11932
8919
8352
38229
133768
5436
41632
133932
100715
7060
134103
32297
122116
2369
11509
11938
10368
11939
47720
31272
10708
10001
41093
9361
2469
5884
40930
11945
19832
32634
11947
11948
18269
1281
23543
84685
52147
81651
12732
32635
11955
49729
10933
23328
40833
9350
50025
9318
67425
41634
10180
23546
56875
55617
8994
41100
39074
15196
43135
11973
11975
11976
41519
37713
69402
133572
129854
40859
11511
11332
41638
4828
9909
11825
56683
9793
82108
86944
11538
86944
75044
41077
75316
130459
36411
11989
86944
7069
45708
5717
32438
32308
8389
10532
130666
4234
115686
41829
45135
11995
113790
134350
11997
57032
134350
134350
131784
49454
134350
40759
11998
115686
8842
56942
64464
80244
115686
141159
128452
32622
12003
12005
70873
9161
90450
12991
133076
12007
115686
11738
115686
115686
6693
12009
19673
11249
23036
52626
227
138653
57033
32460
57034
130066
49838
4181
12014
32638
49839
32639
12018
11572
17673
134140
83554
1313
87028
41645
23553
78045
75225
12024
75226
12026
12027
23555
12028
83936
122214
133076
5971
12031
12034
134018
128440
12558
49751
84592
11608
134324
69159
134324
69245
82993
86343
49840
23056
21401
52095
37264
141114
12043
41273
136402
6028
119
4546
10687
134331
5701
11745
12048
105477
32399
11228
134644
134277
12049
69404
10231
2843
9458
41651
31378
11337
4962
138654
48490
69443
69443
69443
69443
85956
23123
136254
1838
4247
12052
129146
8111
9986
6945
6816
12055
49841
3589
12057
133951
3073
10097
12059
49970
9317
22724
11792
40205
12063
2314
37999
5610
36436
11289
9379
12070
12071
10131
56694
8392
22046
23395
101101
377
12078
6760
134430
5113
4710
4203
5361
12080
41374
69161
40537
22816
9912
32405
100678
85555
5513
49994
49528
100630
1136
41658
9696
40820
8686
68375
21304
12084
133786
4359
2508
4660
70768
8135
23363
9503
41572
12089
2308
18641
27031
41351
55925
12091
23565
32650
4213
88709
40929
56711
12096
9376
2904
6349
12097
10107
57041
23243
19251
9904
133571
101397
13236
5067
11582
83517
68515
9067
32651
11253
15442
8809
23566
128491
12112
10103
122079
135820
41660
81913
19034
12115
1012
12116
77918
12117
41661
49849
8093
115686
10929
12122
81801
31270
10315
88538
2364
3980
41663
137376
86127
12125
41718
12129
5154
69359
12134
41666
3364
12136
12138
6574
41667
38043
8204
41088
8763
8740
49850
38184
57000
10845
9093
18373
69406
12146
12147
41248
68707
4678
18793
8226
10071
2685
8764
17579
15436
10802
129776
11155
57046
128538
32408
10830
11008
69410
12736
81914
10126
12159
4226
9221
49855
12161
87032
55621
41080
27867
9130
10183
137378
9560
137872
110661
44219
12168
49856
124386
12170
130028
15202
136495
6908
9305
6548
9542
75056
12173
78034
12174
11831
18337
2019
74739
68139
69412
9917
12182
41674
8617
12183
65053
12184
12962
9230
49858
49859
15863
75250
10213
23132
9976
4176
41676
18222
12189
41254
23580
12731
11483
4037
16987
41678
12195
38233
69167
3987
12199
68273
12201
10920
22978
9745
6916
10018
5846
41609
9594
41679
10217
5356
12206
21167
44900
12210
57051
15410
121567
12213
86128
12214
130749
8337
23407
12215
57052
49861
10410
69414
44649
41372
13964
4697
38202
32659
55597
11729
5960
69415
27865
85956
10381
110783
23585
10941
32381
4173
12225
135944
8829
128235
10936
12231
23382
110745
11590
21004
69200
75241
41565
5652
4177
56377
115597
12237
74578
11349
57144
11486
11387
90880
11307
38236
57056
11779
16348
130752
12243
41901
32665
41031
31190
3344
57057
5090
77715
12247
87035
12248
83326
47789
32667
68285
12251
41690
12253
69293
86789
12256
130753
19280
7387
871
12259
17805
12260
32904
41816
18903
11576
48679
12265
16304
9577
9177
12267
56119
11350
61676
5668
12269
2939
17629
40928
8885
131934
12516
11448
4805
11458
64466
130754
11312
12779
10808
1185
4972
10743
4779
41017
12274
51350
9322
12275
22889
14638
9019
9590
11488
10711
28583
45933
135938
35335
11242
18648
9084
32251
56037
41281
129530
2218
10713
41573
65355
90132
41449
23778
44892
9367
121661
7012
27876
130039
18315
17622
8905
14133
9830
18858
8122
41550
74291
10384
8328
47915
16324
49418
45949
15591
6754
5803
23604
105465
9582
87862
105712
11470
6443
2108
12999
41079
3601
9881
19062
16393
48304
47794
12298
12299
87038
36143
17013
41703
48347
40944
7082
48437
45148
10848
8120
8529
130756
37968
117445
10363
48881
2449
15868
83452
12306
8892
41707
12307
11455
129777
12309
16212
27077
122080
28246
83321
78032
78000
75283
35416
18713
49871
19260
85224
75077
17066
17808
41708
17541
41098
10825
106211
6108
18892
505
124477
105972
52857
134482
70141
86127
82362
12776
45879
137380
19111
72545
57065
132455
10709
79885
9404
12312
77950
19058
45977
52649
77642
44517
16355
43235
12315
51842
12976
13120
8631
49663
17060
4605
88454
12319
40986
32367
5742
9088
12323
36404
17027
78581
32594
41389
33907
5431
12324
43567
32677
32776
12326
3125
1412
4664
136237
41096
36327
130350
12334
13090
25228
12337
11517
12340
8853
41241
4788
134017
10346
31213
86944
11254
11290
15780
135936
17653
12517
129811
19298
49451
11240
69182
4015
4630
4040
28256
33447
129842
13005
9374
68404
9180
12739
11131
11009
27024
23219
133833
38168
18923
4070
128516
66605
3584
16323
128711
18361
15446
6564
4722
84402
23771
49883
10801
22716
121650
71928
82406
10699
31675
79715
11248
11466
6044
4337
4399
38097
9984
10634
4719
8238
81667
56692
32796
115748
12356
20839
1710
8888
4912
49885
12361
68417
13968
17947
41250
11814
9467
38373
19235
78049
45971
41394
21169
1539
79568
69433
22861
10393
2954
41957
78002
27053
52823
133861
49974
89328
86643
15440
12370
31589
128447
10029
134338
16357
41578
72240
18304
49887
87278
78009
86793
87049
13028
11653
41723
18827
41210
69402
52843
23356
134158
132323
14383
18299
13225
45456
78030
86765
19278
15741
129994
18998
12376
69402
78138
136349
51233
12378
19274
16946
12896
33641
134090
18414
13159
129990
69435
55805
41893
56834
57078
13807
18826
20380
65986
49299
31119
51671
12556
5820
136176
130761
12383
90358
137383
86127
128723
41073
15850
14131
10043
19247
49996
41725
41726
18484
3486
17022
49382
75260
32688
45669
41729
22476
51388
52351
52415
80235
82404
36349
11013
57079
12390
5219
5482
11360
45872
135955
32772
12392
70871
10822
8322
23629
36455
12395
3714
10659
8217
11705
32535
129930
11085
41249
2167
9951
19038
18417
10073
9588
41329
12559
5716
49422
11490
90899
17678
37490
49781
137384
826
6804
56736
12412
11875
40971
4469
14156
128452
27419
86732
100549
18382
53050
55930
8514
23116
12800
52846
69217
16325
25745
122220
136250
40924
12414
69443
23357
12416
32689
8659
51874
82344
12959
128474
71837
11629
10003
41380
69192
69394
23632
4624
12418
56806
51830
100569
43236
14177
75207
12425
23634
11366
9738
72569
84838
49895
24255
87053
32171
5590
62
37533
87397
10426
12433
104159
11244
96059
41738
36363
10898
10313
11367
99848
20993
135760
9886
5561
12440
31183
5464
66646
11851
68701
45141
1967
34714
12444
41740
12448
12450
1979
23275
12455
12304
11433
78167
37957
6064
19140
82371
44903
12975
137385
3487
11117
11516
82592
10700
75052
20870
23461
34254
31249
89234
12461
4926
11495
40950
23411
69513
15872
12465
28266
81703
18868
38810
23117
25444
12469
11888
49987
8832
12471
12472
2660
4957
12473
12474
9530
86009
69199
18975
12481
41356
12482
130732
11295
45668
41224
9831
25107
15779
75215
10006
83298
85987
17652
55833
14043
10367
37952
32143
31984
36398
18313
52155
49900
13001
64011
8716
4996
21858
12491
42965
66103
10389
135996
12492
9911
10104
12741
35455
18990
47480
12698
12495
45831
8932
12918
78018
57091
134887
17569
137391
69485
135977
77641
8620
53485
79770
23647
23648
137387
75138
41756
18682
12499
88508
105740
135838
52268
8171
128448
136268
28311
9593
41557
18421
49980
9899
85176
77701
134310
77851
13624
32550
23775
17057
49905
87060
12502
51650
69402
87061
78671
66309
53442
18859
49386
18763
101691
57006
83546
2086
75271
6876
130462
70244
49734
136295
13074
41824
128413
41552
12513
12514
18739
10005
136277
21355
67014
28332
9791
45488
9210
45483
24504
19617
23652
12862
12520
87632
19174
87062
19131
52264
14135
36215
32383
10707
132184
79144
11045
17853
35370
9302
6384
129785
32430
23654
51655
66275
37826
17682
14728
12938
9478
11374
69453
77044
39772
9788
12533
9930
22860
10899
68483
11532
9121
14036
37719
12539
4671
3521
10397
20077
5745
62673
10344
12540
12541
1875
11449
11377
16942
10478
14482
21074
38062
24942
56774
3278
41468
51637
17643
32702
52371
49912
3231
17549
10015
9069
41762
135959
45119
4861
135943
17559
8105
129861
14033
99845
45717
87544
77706
75303
14427
37532
69337
34923
23665
47588
8790
86847
52601
11712
38263
41601
57098
10416
128446
17583
11863
12860
78028
77534
45228
69456
11713
12561
9864
23668
134354
18869
65259
32705
49914
78051
27056
12564
16328
62261
50610
83311
10027
52838
8874
32706
19167
79846
83646
69240
11890
55929
12571
3356
77416
75208
68173
32475
41443
12579
56783
11832
81892
62246
17614
12581
11525
134531
111041
10814
82464
14311
134760
16553
41769
17633
12551
11169
12583
13241
32282
10400
8850
40880
10011
54900
45494
42069
10912
136363
136270
41770
49784
9992
115686
87364
81927
133217
41344
19147
69235
18989
136486
86844
75281
18988
12590
45123
18425
130767
115787
18321
19997
134350
12592
67159
47752
102013
87065
35506
53443
35315
34999
52617
67175
52839
18170
23485
2055
12595
11472
49519
57100
23509
32709
11380
87444
49660
134150
51403
8164
33650
23089
100572
28543
49920
19137
133296
49919
75282
9663
85810
129540
12601
18339
12602
20043
128450
23682
12603
136196
50045
83496
16510
67746
88915
18986
83454
135808
130008
133239
87066
41775
18762
2628
19259
136346
4903
18882
137364
12605
38779
2586
12606
12607
16959
12609
10846
1066
77215
1568
90075
18365
16344
18833
15415
36871
9199
50959
69402
11382
52854
4732
84861
11564
15619
78036
83162
34993
2597
43977
123434
49921
56979
12619
85776
5835
12621
12622
123829
16392
136629
44907
14208
32352
90802
69315
27548
51634
27384
11005
87352
5222
86865
130006
18879
101695
123944
32345
57104
10178
11600
23686
37198
18802
57105
70950
18952
9820
8154
12632
41562
35477
10875
21240
32746
134447
8797
31415
129318
11501
133090
35330
49088
14988
41075
22753
130660
8749
134529
12637
32919
10676
33473
129708
49927
57119
44915
83326
137366
130770
135930
81929
52367
12640
68364
12641
138431
130062
19218
69186
5191
77543
4290
23384
32720
130772
32520
24944
9419
9898
41463
12649
34786
22941
9378
113740
75292
19229
23692
81932
19268
65045
62199
130773
18790
23253
45695
79011
13038
67734
86127
57110
17048
9176
41454
41024
68206
11526
18947
22125
9968
14831
35305
45495
35425
50955
4839
82283
68145
41184
12658
18531
11757
51873
3610
39581
9070
9082
9578
66277
135963
18799
16953
5757
2714
8839
2711
133090
110776
11400
57111
123813
130776
12669
41786
14601
9396
132183
50023
9136
11597
21416
136809
84816
71030
42951
12674
70131
21361
12676
14254
12677
105676
18428
18953
3191
11510
28122
83271
16533
11259
18172
135701
11133
11698
11803
14981
8875
15880
12686
12687
15501
10679
18584
15814
44548
83554
34935
52331
130780
90047
6752
11258
23421
12692
123521
45149
12693
41477
37715
49992
52252
19041
134508
54379
116060
17572
12696
12697
13112
128710
8182
23700
28378
49754
38271
41021
128726
6998
37121
23109
34317
44924
32729
10585
11662
11847
14268
136638
12705
53527
56741
11390
48235
17821
15994
12707
9218
41792
10592
1182
43797
12712
32272
84880
62425
12322
10940
49934
134148
11550
16796
12720
12722
11879
10510
10756
56334
57027
77224
56894
12734
69371
74574
36205
37900
12749
12750
8654
11209
22882
23477
56754
23710
69183
40850
10268
9731
69382
55957
101696
82403
12787
12788
56899
13035
12819
68138
12821
3513
36476
88604
23725
6320
8169
4280
49961
32592
49962
12850
75315
41829
117682
12856
66961
12857
9428
2920
22748
86986
129775
75008
2454
8556
41209
23313
49068
31428
4742
12935
68489
36493
9294
21268
14111
111694
2751
37566
1880
41174
41368
36487
10489
3018
6607
56556
55711
55764
11368
41431
12804
9741
10815
23130
11683
6202
41355
9543
14381
14113
14225
69536
10744
9044
10343
82078
10599
10198
8854
48050
23029
41472
2672
41390
5077
23394
85959
1742
11801
52156
9159
134485
134234
18433
37582
39206
45211
32551
75076
134676
2455
14871
9188
23377
5932
11015
9924
13143
47947
9784
37702
14061
21032
26430
21230
68548
32463
8522
21620
24933
10716
15904
26431
34521
10613
15878
129859
81624
8692
4683
9167
