9219
134324
133105
136624
136624
4702
52388
131736
107053
134324
134324
134324
18662
8594
48275
134324
8708
11137
133105
82309
136272
32200
27084
12997
18435
129669
55991
14763
11202
18821
41617
100292
134156
15882
23048
14334
15903
4113
15885
9185
8845
5274
22704
5128
9524
9714
16943
76766
27888
12745
68533
49590
8728
8701
22888
27085
69517
36231
6173
5001
12932
13167
37615
6973
17706
10588
14879
10226
56679
21385
2204
8289
1432
4702
2908
133984
55561
2839
3297
9685
23664
22803
3448
27069
38239
11268
9182
1207
12490
9149
16343
37736
37922
137254
55553
47921
20332
2162
37271
4317
1519
84697
113718
55855
128301
37940
68428
37854
13211
21130
21022
2986
14138
136191
38299
594
20343
24919
7
1940
5211
865
74925
20824
866
870
878
27907
90852
1224
100376
3785
1229
2041
408
74385
10664
55557
68445
68164
20312
55558
36149
32079
55619
68447
56379
20398
1249
56086
68195
55593
68986
90945
4179
10504
1279
1282
2931
3795
35
48402
56382
2987
916
7242
20320
37642
2912
527
7245
135613
7642
20445
1293
55955
1300
31276
31406
574
68031
579
20187
68212
20857
936
37523
3800
1326
55956
55514
2736
37912
7657
7658
1017
942
68389
1331
11173
20331
1334
37525
2995
3208
7661
20916
1337
7663
48353
1345
508
20512
20420
10644
1361
20424
963
333
55859
3807
3808
171
99735
129115
7652
334
37530
77224
73872
335
1384
995
3215
7672
56389
3217
1396
7673
20437
1390
68033
133559
55434
20119
37917
73874
30982
75
999
31375
37465
128275
68209
1424
7282
3228
79
75187
130627
130627
37550
1373
55616
36159
68053
3834
1024
80
68035
55488
1026
3234
39086
1444
130530
1449
55770
1042
22431
20869
20856
3411
68479
1058
1464
20362
74413
4798
3260
3829
1476
3019
74545
20123
20364
3557
3021
7303
3833
7743
1088
1089
1090
2694
37478
20929
20940
20457
1097
133105
37560
7309
30957
345
9104
1510
1511
34134
110
55800
66302
30958
7714
69065
7718
20871
1533
7322
3845
7324
20750
2590
2617
20751
37906
74511
107053
69015
1551
68449
68040
137233
10289
40607
132
41535
37487
7337
31267
7730
20378
134
32203
68386
55539
55975
1566
69140
32427
1571
1572
4729
20477
55582
3118
31228
4156
3879
1577
68226
115474
37971
123820
128352
128352
128352
79525
134018
1592
20489
8407
1466
437
88330
1171
68766
55923
2602
74950
4261
68524
40728
1180
2253
21195
2894
134089
1187
49242
676
1194
500
2698
523
1198
7378
37496
1643
7380
5490
1653
1204
4436
20508
20510
22999
20511
1346
180
21033
1684
37988
1691
3054
18404
4821
55829
7801
108238
4056
7396
55448
21146
37604
1722
7809
7810
4480
4064
55469
22475
7399
134662
1734
37277
21218
41321
4927
1741
4074
563
200
1744
31250
48301
37408
369
7405
11456
15874
11346
14164
10089
64370
9109
7409
15895
25661
55937
4314
135743
11246
37322
203
56412
3657
4080
31087
4340
40748
5275
38116
21040
2841
11216
1826
39746
1833
38111
1779
7850
215
31092
7433
129835
69080
4352
3924
40754
4669
375
2412
4087
88815
4496
32049
7865
8121
32050
49182
2876
2875
5951
68505
4507
1912
39965
2972
4093
1923
30998
55806
99789
55664
37369
31097
20834
1946
1930
22614
32055
74303
1960
121491
7214
7884
21542
37995
100644
93492
37650
55679
20104
7473
32059
3138
68070
20571
717
48120
8471
256
2003
80174
7896
227
80163
56428
2042
3064
48134
55868
7904
4670
134085
38075
386
7495
1843
1119
20261
33836
56737
41830
37374
23001
48140
116060
2587
3941
37856
8094
908
20623
4279
86092
36154
3408
3371
12908
82382
2175
38238
7511
20637
2820
7920
21010
5042
4565
7521
68287
2228
137318
7924
7925
137239
4751
37716
2232
281
74538
136612
2241
3375
133974
1965
56438
105617
40653
40654
2949
2678
57205
2266
1126
8227
83252
7934
22628
2281
7939
39495
21055
21155
38049
68520
128699
79498
457
88709
37857
9618
2333
294
39748
137240
22633
111129
21247
37888
2354
20156
32756
21610
3079
20966
17100
6332
3383
26615
37788
40996
297
21428
7960
2373
18690
1609
101673
91149
2722
7554
80191
7707
7557
4121
2252
31121
3456
20987
35238
16993
4075
17696
17712
13388
4738
75216
14272
9064
134539
27540
9349
8354
23032
11006
15037
2398
20789
4916
31233
2401
1250
7969
303
138410
41279
10719
27834
68532
51942
121676
3028
2415
21182
23522
8597
2418
104099
14128
11612
5258
16454
8579
41051
11077
9189
540
7572
7573
2432
2433
3177
2435
3391
31142
2438
37747
65246
4620
36321
36322
3541
2680
68154
21267
19482
9437
55636
22519
4583
828
5411
4859
38007
128637
134309
41418
68153
111053
69045
134314
68503
20711
4585
8435
2516
2520
20361
3418
21398
40902
37846
7592
38098
7594
107244
2534
3962
22649
55740
443
20729
6396
15140
6628
4380
10142
2883
23784
23455
22529
20720
10534
3722
324
27469
987
26151
33167
3742
5136
36415
416
40882
9839
13057
45809
22725
56528
20842
27795
1724
9345
8003
32015
13683
77326
17701
17140
71313
106649
11269
74984
3167
22702
2716
14117
20909
17004
8935
15419
14118
31425
92693
41422
32215
130458
55872
10582
4277
37855
40855
69303
1068
9002
4047
41036
32328
10004
41299
4430
18215
12772
16378
14916
56299
8795
11450
18692
23464
131294
18347
10705
83295
13093
1213
124356
32778
56300
9163
5044
101023
25183
130508
13421
39318
32785
66313
3564
10273
134538
4208
27616
35390
888
8014
4437
11555
996
3837
21334
55922
8025
10309
40794
9341
1895
128369
21414
21148
8040
15019
13493
2276
38077
3256
49408
17028
18617
8868
72228
117700
33158
9852
41430
41841
86743
129566
11513
8813
17734
19529
70580
136197
9927
11033
19406
41196
9783
22825
17063
37570
2063
74576
31777
8058
22681
40802
3155
3424
8838
8780
8974
10340
22082
22686
522
55839
32307
90888
99414
16453
7442
128047
9034
18162
38230
36200
8128
11545
19546
37371
49075
41201
5568
20936
19064
38095
9287
56706
19567
8449
8451
8233
8453
31219
8455
747
121695
31996
37437
8594
12881
55916
18916
32580
16014
100935
15891
37401
17900
37480
6960
22785
1193
8482
90898
32195
74514
8490
40906
2735
21276
22823
8374
113707
130673
4212
136358
136774
75345
14180
123926
9948
1065
3315
45882
4774
8933
49713
23251
18546
14598
13022
17647
49405
66198
8760
18567
133862
74286
49488
42094
10667
11739
83279
62496
69669
9870
45576
136272
18939
81391
66164
57070
32244
6030
8968
8291
32576
69208
110918
41065
55733
56678
49392
4730
68455
9510
4442
75050
77719
2752
9277
56282
32288
22800
8384
1314
1313
9668
68559
9632
3114
79541
117458
56800
12407
4395
8632
32699
12094
134610
48496
41683
9821
7159
4110
94517
3515
4833
9253
40959
9643
9306
664
36101
66300
41322
2815
115690
78363
914
2415
3120
734
9423
48498
21412
8515
16330
4211
3251
137329
115908
22693
20655
10328
8351
21290
8634
8612
6377
68196
31114
21744
23165
41215
10499
2608
8229
639
55991
3507
95094
69215
37848
21289
3506
5235
10509
5100
41334
2142
8665
10495
9226
37706
31410
10539
10562
8299
8720
37974
49603
9640
20377
3592
10077
41385
10934
31355
75158
10755
23209
10971
40925
23302
56808
10576
32339
16268
32417
10993
81889
69340
49379
11025
55857
134324
11098
1022
20632
3587
2453
136161
3441
2850
40809
4673
8535
10608
56962
32331
9484
38171
136624
10224
8622
41626
23246
19241
49694
8640
9581
134002
8540
11640
9865
38229
5436
133932
7060
32297
11939
41093
40930
1281
10933
67425
23546
11976
11332
9909
9793
75044
36411
57032
49454
56942
32622
12005
70873
6693
23036
227
4181
1313
134018
49751
134324
134324
23056
37264
119
134331
12048
11228
12049
11337
23123
1838
4247
6945
133951
12059
9317
11792
5610
36436
9379
12070
22046
377
12078
134430
41374
69161
100678
100630
41658
21304
4359
12089
55925
12091
23565
88709
6349
11582
68515
15442
128491
10929
10315
88538
2364
3980
41666
3364
12138
41667
38043
8204
2685
10802
137378
9560
6908
41674
12184
10213
18222
11483
4037
38233
12201
6916
10018
9594
12206
21167
57051
23407
12215
69414
44649
41372
4697
55597
23585
135944
23382
21004
4177
57144
11486
38236
11779
41901
69293
871
12259
12269
17629
4805
11458
12779
10743
4779
41017
12274
9019
9590
10711
18648
44892
7012
130039
18315
14133
74291
5803
11470
12999
9881
12299
17013
41703
48437
45148
8120
8529
12776
49663
88454
40986
5742
36404
33907
8853
4040
9374
68404
23219
18923
128711
18361
84402
23771
22716
82406
10699
9984
81667
12356
20839
9467
41394
21169
1539
22861
2954
20380
3486
36349
11013
5219
45872
10822
32535
19038
9588
41329
49422
11875
100569
43236
14177
75207
12425
49895
32171
37533
41738
10898
41740
37957
6064
137385
11516
75052
20870
11495
18868
23117
12469
69199
12481
11295
10367
13001
64011
8716
4996
21858
135996
12741
8932
12499
9899
53442
49734
136295
41824
24504
32430
17682
68483
11532
12539
4671
3521
10397
5745
12541
11449
56774
3231
9069
41762
99845
37532
32705
19167
3356
77416
41443
11832
11169
115787
134150
100572
4903
10846
4732
11564
2597
43977
5835
23686
57105
41562
134447
11501
8749
12637
33473
129708
69186
5191
22941
19229
62199
41024
22125
9968
39581
9070
9578
123813
12669
21416
71030
105676
18428
11510
11133
8875
12687
15501
18584
34935
13112
128710
37121
10585
11662
48235
17821
1182
32272
12720
77224
12734
37900
8654
11209
22882
40850
12787
68138
6320
4280
12856
66961
22748
86986
75008
2454
23313
4742
9294
37566
1880
14113
10744
10599
10198
48050
41472
23394
1742
11801
9159
45211
32551
9188
5932
14061
26430
15904
26431
34521
10613
8692
4683
