40759
115686
82993
134350
86944
134350
86944
69402
134350
134350
134350
86944
134350
86944
134350
134350
86944
134350
86944
134350
51391
86944
134350
86944
86944
86944
86944
86944
86944
40759
40759
37978
83554
86944
86944
86944
86944
134350
86944
86944
86944
86944
69443
69443
69443
86944
86944
69443
41829
86944
115686
115686
115686
69443
86944
69443
86944
134350
134350
86944
86944
115686
115686
86944
115686
86944
86944
134478
86944
115686
115686
115686
133076
115686
86127
78045
78045
115686
86944
115686
86944
115686
86944
86944
86944
115686
128452
86944
115686
134350
134350
115686
69443
69443
134350
69443
86944
69443
86944
86944
128452
86944
86944
86944
86944
86944
86944
86944
86944
86944
86944
86944
83326
83326
83326
83326
83326
83326
83326
83326
134350
79022
50671
115686
49947
130370
132671
131540
13149
78045
51921
115686
10809
86944
86944
115686
86944
86944
86944
86944
86944
86944
86944
86944
86944
86944
86944
86944
86944
86944
86944
86944
86944
86944
69443
79846
86944
86944
86944
86944
79022
86944
86944
86944
86944
86944
86944
86944
86944
79022
86944
79022
69443
86944
86944
86944
86944
69443
86944
45728
86944
86944
86944
134361
19056
32425
135973
128726
115686
141212
100845
12254
27855
49654
12837
49982
10189
19055
3901
38294
9798
8549
11479
2546
37975
4149
31056
18444
57094
9149
13107
130379
57137
3197
12888
55485
68198
13210
8236
37351
60
3525
1219
14235
130042
123845
7613
79549
35221
23815
10773
550
14
1226
20135
31165
4688
2887
75093
76446
55884
20179
56898
55936
26
48000
68166
7631
56461
1295
55599
37910
20186
100780
7253
7658
134519
3548
21314
72199
7274
130626
75098
117962
49565
75095
135720
4011
73875
479
10951
1447
87855
5135
128363
137232
31253
68141
68141
123817
134005
49308
56396
7308
124469
4773
3025
104
37561
121617
10874
7318
9266
121778
124
101265
32030
101542
36308
352
68220
1145
37567
30972
129967
145
646
7745
353
68229
1117
56483
100530
38066
1611
135835
5277
7777
4048
1662
3496
181
56492
68134
7392
5883
99835
7799
3123
931
68141
68141
68141
68141
68097
68141
68141
55642
20521
22472
191
3468
81806
55848
3912
7818
1746
15606
88708
15773
4079
23433
31344
69077
1782
7832
9692
32110
7839
1779
20851
4347
20558
49481
7438
37631
22604
696
3351
7456
40759
56419
20834
7878
21043
4520
37643
137213
88554
7888
1982
31103
55963
21263
7474
100781
2002
6107
56428
74292
37288
2069
737
16331
130700
129613
135870
22500
2120
2130
77615
3423
74972
44913
51273
2189
30980
7917
9039
134226
2813
56594
5042
55455
455
12822
8425
22627
21053
4714
8285
32067
20990
3075
86944
21378
22631
7547
74460
138427
116108
101663
9208
7959
27040
20679
40992
102151
128601
27877
117703
36424
10486
18447
19366
18905
69297
11661
41856
53031
18185
160
103869
396
51897
86950
76175
100289
9916
56583
55815
51856
41051
69043
19024
11077
10945
15016
3177
33597
7976
138428
14243
7980
18405
309
137259
11219
56448
31512
7984
49205
68496
129435
56137
20715
20361
109421
466
9533
131221
9343
10235
12515
134350
14207
3170
9767
124417
13176
2580
134065
57005
40682
56456
56456
45457
53056
7609
1922
38231
51916
9057
18920
135857
11865
68260
17739
9531
5188
27071
13232
8132
40573
10254
130042
14251
20532
45603
9897
11743
16823
65285
14899
137653
18607
52852
18760
43895
25183
8314
115929
17703
16890
3976
104282
72101
13330
128364
27803
128362
128362
1046
129932
128170
18612
37637
99740
31662
9262
35430
37895
14115
15422
52184
62172
17695
40943
18465
135985
9700
17034
18619
34922
52739
51391
87221
2343
78104
2592
128630
128630
8438
8053
56548
8236
5209
2636
41109
54768
10820
18139
49291
2871
49432
11545
56712
8987
32140
4851
69113
113769
22775
121602
22778
56602
55942
5183
9928
69193
19524
100935
35357
73803
15891
13135
10275
10591
8480
136776
134481
134492
134468
134474
134461
136248
134442
116071
11130
36142
22878
75172
27057
14453
23371
134493
65318
9000
82993
69814
10160
133862
134494
134466
12961
130065
57133
75130
77630
51892
18639
77947
51912
45136
13077
25135
51633
41829
41829
11442
128442
135719
129614
49561
49562
11815
86785
99373
71930
128454
133723
136447
19641
8930
3530
86944
86944
141185
40759
134350
41728
44779
44549
18671
133712
51067
46325
17631
79022
35491
79041
69443
32512
128534
128534
40759
40759
40759
83554
83554
86944
86944
4306
128422
56678
4443
55683
8355
22817
5223
45466
8632
32669
10766
87809
9410
56766
31185
5214
56818
8362
115686
65043
79022
69402
23121
4448
134350
128534
83554
83326
83326
1830
4841
31386
9734
10475
41090
89413
74455
36325
22953
20700
9446
23182
2691
8615
68365
9387
55629
23184
32452
2492
3768
10895
3158
10992
128534
128534
3994
31081
10955
77343
23230
10962
10971
10243
23110
56808
75164
10983
10984
62163
9562
10260
9162
10117
10921
1964
77474
134350
84430
86127
86127
138664
134350
134350
83554
83554
134350
134350
69443
19331
135808
135943
69443
83554
41172
37978
136026
137359
11151
56968
32548
10372
11301
22857
9390
41347
41561
17650
11605
5675
10368
11945
19832
32634
11947
18269
52147
12732
11955
49729
41634
69402
41638
82108
86944
86944
86944
7069
32438
130666
41829
45135
11995
134350
11997
134350
134350
131784
134350
40759
11998
115686
128452
90450
57033
49839
12018
83554
87028
41645
78045
12027
23555
83936
122214
5971
12031
12034
128440
12558
11608
82993
49840
4546
11745
48490
69443
69443
69443
69443
85956
12052
12057
10131
12080
32405
49994
49528
21304
12084
9503
27031
4213
9376
57041
101397
122079
135820
81913
12115
12116
77918
12117
41661
49849
41663
137376
86127
41088
8763
49850
69406
12146
12147
41248
4678
8764
12736
81914
10126
4226
49855
87032
10183
110661
12168
49856
124386
12170
136495
78034
12174
74739
68139
69412
12962
49859
15863
75250
23580
3987
12199
12210
12213
12214
49861
10410
38202
11729
85956
23585
4173
12225
115597
74578
57056
41901
12247
87035
83326
47789
32667
41690
86789
12260
11350
8885
131934
130754
14638
41573
90132
18858
49418
23604
105465
87862
41079
19062
16393
87038
48347
83452
12306
41707
11455
129777
12309
122080
28246
83321
78032
78000
35416
49871
85224
17066
41708
17541
41098
10825
6108
124477
105972
52857
134482
70141
45879
19111
57065
132455
10709
77950
45977
77642
44517
51842
17060
78581
43567
130350
10346
31213
86944
135936
17653
12517
129811
19298
28256
129842
11009
133833
128516
66605
15446
49883
79715
4337
10634
56692
1710
41250
78049
69433
10393
27053
89328
15440
12370
128447
134338
41578
72240
18304
49887
87278
86793
87049
13028
41723
69402
52843
14383
18299
13225
45456
78030
19278
129994
18998
69402
136349
51233
33641
134090
56834
57078
18826
65986
49299
5820
130761
90358
137383
128723
14131
49996
49382
32688
45669
51388
52351
52415
80235
82404
11013
57079
12390
8322
36455
129930
90899
137384
128452
100549
18382
53050
16325
122220
136250
12414
69443
51874
82344
128474
23632
87397
104159
5464
45141
12455
19140
82371
44903
89234
12471
17652
55833
10367
36398
52155
49900
66103
18990
47480
8932
78018
57091
77641
8620
53485
79770
23647
23648
137387
75138
18682
105740
52268
136268
28311
18421
49980
9899
85176
77701
32550
23775
17057
87060
12502
69402
87061
78671
66309
18859
49386
18763
13074
18739
136277
21355
67014
28332
9791
19617
12862
12520
87632
19174
87062
19131
132184
11045
17853
66275
14728
12938
69453
9788
37719
12540
51637
17643
49912
17549
135959
45119
135943
17559
129861
14033
45717
87544
77706
75303
47588
8790
86847
128446
11863
77534
45228
11713
23668
32705
78051
12564
62261
50610
83311
52838
32706
19167
79846
69240
12579
56783
11832
62246
17614
41769
17633
12551
32282
40880
10011
42069
136363
136270
41770
49784
87364
133217
41344
69235
136486
86844
75281
18988
45123
130767
134350
47752
87065
53443
67175
52839
57100
87444
51403
8164
28543
49920
19137
129540
12602
20043
128450
23682
12603
136196
67746
18986
135808
130008
133239
87066
41775
18762
19259
136346
18882
12607
12609
77215
18365
18833
15415
50959
69402
11382
52854
43977
123434
12621
123829
136629
44907
32352
27548
51634
87352
5222
86865
130006
101695
32345
57104
10178
11600
18952
8797
129318
35330
57119
44915
83326
130770
81929
52367
12640
138431
19218
75292
23692
81932
65045
130773
18790
23253
45695
79011
13038
67734
86127
41024
68206
11526
18947
50955
12658
51873
66277
135963
18799
110776
130776
9396
132183
50023
18953
11803
14981
15814
44548
83554
52331
90047
12692
123521
12693
52252
19041
134508
54379
116060
28378
49754
128726
32729
11662
12705
53527
11390
17821
43797
12712
32272
49934
134148
10510
10756
23710
10268
13035
3513
41829
49068
12935
68489
12804
10815
11683
6202
69536
134234
134676
11015
8522
