2486
31190
3790
75185
55623
133056
133805
74378
138801
19759
23725
136626
136626
136626
31404
3195
137765
6872
139075
52599
41537
45636
128192
8555
64373
138713
131587
68066
110649
128537
137217
19115
14151
39246
41001
55991
135819
136626
136626
136626
136626
5117
139293
11202
34695
32263
10210
18821
11001
68066
8962
16341
64353
45499
38150
5621
6579
18780
44545
247
32254
16298
9768
128200
86995
5129
27885
17533
8611
2554
76444
36040
1664
854
10398
3276
17084
330
74841
37831
12273
68281
69187
5576
14675
15889
9524
4082
11125
12346
6629
138093
41026
38195
76766
17686
2718
39531
23385
34525
18932
5001
8928
5156
43997
8649
37615
6973
10588
41305
2368
9534
14200
14202
2342
122031
37975
11305
11343
55566
22397
20819
133984
80171
7005
2645
40982
14345
2983
9675
55940
8323
13092
68832
31288
4960
13570
121782
5905
10059
52179
10282
4223
13134
35303
56558
20897
2166
4860
17132
12900
5571
41475
2979
20251
9205
4880
2593
31475
100930
84371
68268
469
39658
271
6
1596
10746
40822
37940
913
4227
31411
100
37854
130545
11852
69255
56936
21130
3175
38053
37498
3
37497
1657
69209
14237
4745
24919
24918
133938
20906
863
865
74862
2395
21381
866
868
22758
73888
68076
4891
40690
36278
13
403
3785
17
110441
55480
21073
32490
9356
32608
1235
41076
41882
36422
137229
36058
55557
2770
4944
3000
7626
30950
3566
901
4809
30951
7628
56379
68051
28
56086
1256
68377
21123
68998
73870
6899
3790
1265
1266
30952
564
37509
36075
35
20658
7240
7244
81684
39
2989
38108
1293
923
7643
926
20410
20911
929
3194
2990
3195
31276
5027
4953
44
31023
45
116117
116117
116117
936
7252
7651
55956
55514
7254
37455
11168
20330
1433
1434
1330
74520
89116
7256
2712
55562
1343
48353
20915
41451
137230
31166
1359
74409
55429
3623
2999
3548
3211
1369
1370
31055
77852
2941
3057
3213
9620
3603
1384
1382
7670
22419
2567
4219
13019
22421
7673
55433
20437
68033
20071
1391
1392
69
3218
3124
6953
3006
75
48052
1413
3222
3223
81850
74392
133907
56073
3817
90874
9631
37874
78
49222
79
1015
37550
76699
3834
134102
133055
37347
3544
3234
37554
616
22430
3425
6797
1039
22431
20856
124071
7294
56000
55576
56129
7297
3438
3829
1478
89
1482
3263
4284
56394
37923
3588
2779
5240
103998
69013
134005
2694
68216
1095
49308
94
3272
3273
55623
7306
47906
5301
8293
4783
3636
121902
56752
134632
4772
41494
136636
5220
68379
34134
48164
134051
1099
21295
3030
113
3034
3036
116462
4864
115
31038
20372
3288
1431
40604
3038
21091
31078
11092
1531
9037
3844
31403
5144
74295
79330
74522
3573
48068
23004
37268
1542
1543
8469
20798
32089
637
1548
638
1551
1137
40607
38024
68220
104035
136
4016
1148
37567
22726
55885
55976
74417
55539
55975
1566
55534
55532
4446
69140
40714
32427
40715
7343
31228
128189
3875
20155
531
3882
1576
8401
879
30960
68226
99786
74378
74378
37355
135605
115474
121492
117950
660
136788
5072
123981
134170
134170
55888
68403
469
3897
3898
68187
31353
50037
32094
1114
32469
22456
1171
56483
4900
37273
158
135819
3643
128537
134266
38066
31075
1612
74524
134628
74950
81909
1174
8409
7774
68095
56590
55587
21477
68524
20089
69149
55588
1626
133785
74306
1624
20500
20386
20367
20930
168
1631
1632
1633
55803
169
3607
1203
524
4041
515
30997
510
676
499
1192
56489
1641
1645
3318
7380
1652
1654
69021
1658
4049
20091
22999
20511
1346
31269
6289
1673
2277
1678
14255
7789
1679
7390
22589
69022
55829
187
108238
21417
133978
55642
20520
3727
37990
7803
7397
37306
18279
1722
1723
7809
68249
4480
3454
2891
55647
7816
1735
197
31220
4530
1747
37612
16
14164
7823
56411
12988
43155
452
136465
8996
87858
31086
21196
21197
31310
74552
81816
23188
23188
23188
23188
23188
23188
135743
1776
1801
55982
1777
20538
8414
7413
1791
3325
40496
4904
4322
7414
1792
133779
1795
4080
4327
32111
1800
206
4334
692
693
55655
37980
20979
1814
40748
5275
3329
32193
55938
4324
7843
4344
37622
4433
210
40749
106257
7207
8639
69079
128512
7856
20100
219
1855
4352
136488
20559
55953
37629
134533
1870
27827
4086
4087
4088
3928
1872
7863
38149
1878
40575
2695
88836
133879
101539
36176
37982
5074
699
55471
2876
32543
4502
4509
231
7455
1905
8542
6957
31202
40954
30998
55495
37638
371
99789
20574
48115
44067
4518
21244
7878
1951
31361
31363
7885
242
7887
55668
3684
37647
1980
1981
20581
21249
11214
37995
55958
129620
121718
37667
55680
100781
716
3138
4513
448
4536
56426
7482
37656
6802
2014
4915
726
727
56428
2027
105262
37659
135423
37660
56429
68099
7488
9116
37664
37666
733
7904
264
134085
68275
37680
3116
2081
4560
86889
223
13251
737
738
16059
49724
56737
7908
31382
10039
48140
137217
2117
20744
2122
37691
3254
7246
20621
31387
2129
55693
65995
7499
4279
69087
65996
2140
269
11059
41111
103879
40765
40641
9642
9284
14584
3408
69035
38161
2155
18778
74294
12908
44552
87808
31255
31404
84779
136626
38238
7511
37707
20151
4099
137218
2192
2682
123916
2813
7920
2199
37711
40648
2206
37712
6943
68543
37378
7922
136129
31001
37416
68148
68112
133576
100680
2227
4567
4781
90897
136612
37717
9735
134323
128606
5045
3422
3597
4642
40654
31286
7533
2930
36201
21282
3945
2266
37721
55708
31205
48364
2897
20652
813
7934
22628
4572
5047
4384
2893
37976
31124
3948
31389
20283
21312
20662
39495
68531
1399
55759
2303
68296
79498
31129
31370
38251
21317
134543
37729
68297
10551
4117
38253
5057
4118
2338
8276
7952
31132
21045
115927
49388
8887
55983
68354
27781
32756
83495
31135
40514
9967
5387
2366
9208
138401
4573
21191
38206
297
55718
2374
10477
22515
11452
134327
13770
9770
49197
136037
15425
37941
105435
2382
5260
7963
2854
43154
56521
2388
57115
32278
3959
7557
12985
31121
20987
24917
11583
5089
9148
11749
11530
45451
17122
9871
13388
65245
56999
8841
13121
10236
4578
16386
13503
17035
134539
18153
12876
34921
9040
824
4128
15481
18897
11287
38123
66194
55984
40774
2414
2407
137220
7563
7564
4338
31779
2408
10072
18390
10483
69385
16195
68463
11782
86891
68719
86729
18192
8816
20714
10046
2880
8600
12868
65235
8581
56959
133740
21182
4333
19662
14583
38099
2879
52664
18391
18945
3183
56235
41265
38834
48325
17076
41445
10147
6131
40980
38276
4579
46165
69165
37294
2436
3391
14695
8752
308
104197
37747
18902
20692
87796
2443
4222
4135
9030
27037
2444
36322
56843
4709
37749
77337
68154
5124
21059
38259
41002
4976
44893
16997
20967
17078
31144
5162
68050
2467
134711
38007
2468
2666
86968
2429
37757
460
3397
22522
37759
111053
2487
137224
68498
134527
69099
402
128202
834
4585
21061
4636
84372
43226
2951
22002
68308
37894
2516
39090
86211
3778
6585
320
3418
7586
3511
20793
2531
838
107244
20847
5175
4301
6430
2538
10612
8898
9599
32130
135649
38287
7995
28259
9533
32536
22651
31152
20883
13137
20720
11536
3722
40784
40784
12998
32575
26151
32233
134446
11843
25090
10810
9585
3475
35410
38387
416
27044
3401
82269
4452
41009
5848
23077
9006
40994
22725
37767
56528
2556
31401
15760
4146
8270
41202
41015
8003
2560
31159
11857
21215
9395
32466
55961
45950
2558
49414
41135
100834
10834
49280
86800
45955
2561
10595
106649
147
31164
2689
130657
134437
133873
82354
8980
134509
9507
32514
9194
32679
35258
9844
34991
138303
68367
1020
32484
9022
49773
4447
40826
8895
88487
11637
2699
6056
55872
10582
49413
35243
18151
31289
77409
7221
130478
11126
46480
18159
722
10080
100830
32754
41299
18393
10414
14145
64815
23059
32284
38112
10076
23179
17953
50026
11393
573
8795
14172
42327
10926
11396
41142
131294
4659
16600
41399
9960
9766
9853
23465
45429
23228
68370
11569
32778
3151
1354
21214
45165
4766
15141
20595
8160
91131
81826
39318
31330
31252
52110
15570
55971
17703
22837
3510
2677
3577
18226
23080
55666
5970
18611
32611
56537
5109
19330
996
3838
38170
5358
137244
8023
18293
16316
4870
74563
21222
17041
81825
27805
8035
81740
40917
55840
68506
38145
5272
9601
23450
38181
4597
4266
4267
44720
133942
17028
10706
36169
56605
17606
18377
19093
69390
842
11636
18243
23125
16286
4180
17889
14247
10835
45688
4924
35462
9927
135953
1045
10266
49691
16314
17156
51851
55702
4540
17009
5605
36929
31347
17045
4609
56686
137245
22695
7583
37255
55798
37570
48159
8056
31346
37670
31777
56760
3638
50532
41336
2080
105299
2089
4816
40802
3155
8064
11529
2176
36501
4691
66368
49723
8780
20159
136535
32457
8066
542
2606
2380
55839
56682
90888
41169
8475
7442
19521
3100
554
4937
11138
4050
8950
37590
34290
779
31434
19064
18701
37942
9287
23734
83298
41832
6399
40891
68142
13221
16403
8442
8453
8454
40893
7150
747
8456
55942
15778
70874
18628
9873
32493
11416
8926
6421
41686
9181
10430
18817
45411
36344
17547
16887
8691
40112
37401
49351
1193
8666
8493
8131
37878
1525
8130
3968
25260
4692
37824
134305
136769
136768
135982
119667
137349
134480
137350
135791
14180
9948
18702
12449
4115
11275
4774
10792
12964
31137
22907
10586
4575
13022
45954
14860
62452
45845
10854
233
55618
36420
48430
18707
48130
86351
27862
4846
15484
68565
32377
138627
4209
14377
46417
46568
113391
55575
8951
8812
69669
19511
56097
14744
25281
1547
3763
32300
9153
10255
6030
11440
86893
73393
18773
31928
15412
45966
74462
41622
130035
40981
19673
136288
28098
19600
74720
14176
41114
65299
133281
136043
88621
133281
85959
128034
18948
47969
8394
36419
14600
134126
43739
133207
31199
41804
49977
133863
79330
23725
23725
23725
83298
8619
77420
1473
74307
49392
68455
49412
11632
9272
75051
8127
56376
9280
8727
137317
3303
75314
4224
68559
8510
20446
5223
4272
16934
12719
15586
10153
49667
40873
41504
10775
56800
12407
128791
74377
5524
4456
3426
23717
9123
6520
32691
18685
48496
12074
11140
10843
45475
75063
48457
37823
22992
4672
37586
129218
7212
9622
4797
48376
90949
37903
4310
5388
8388
138404
123798
136480
3451
68440
41323
2919
10296
69270
10297
22933
9327
20724
3337
4811
134464
134075
131699
3120
81830
4448
1103
4172
6668
23226
9337
4211
8641
1480
4043
98871
2754
3942
55707
32442
1768
22696
97412
3691
9591
3473
8636
48420
8851
56949
10494
49312
55991
38186
95094
41133
3736
134118
4178
20900
22710
4278
4648
1458
21362
134530
41334
8635
2808
1527
22807
31194
3149
22742
31039
9446
37706
62617
40934
2691
21036
2506
10544
55629
21280
75045
10558
37974
2275
5930
10570
23186
4931
56880
9447
136213
4619
37727
9385
8133
40784
41832
6980
10955
5087
10779
23287
9494
86995
115622
38284
49376
9774
10984
74565
10988
41014
10726
20628
3780
45994
4201
4240
9613
41267
21318
5844
41092
5068
32510
11090
69340
11062
68422
37360
11065
10187
138962
110745
73249
134475
41832
128537
17016
9076
107623
32517
11150
1022
11186
9435
49716
41012
62794
11280
136161
57043
8769
40809
68103
8123
10372
12730
22857
8814
10774
8521
9484
9360
10224
41626
8667
123914
7213
41628
7192
136199
3161
14449
56743
41629
4713
5410
41106
86883
52572
8919
8352
133768
41632
100715
2369
11509
10368
31272
10001
9361
2469
5884
11948
1281
23328
40833
9350
50025
23546
55617
8994
15196
43135
41519
37713
133572
129854
40859
11511
4828
56683
41077
130459
5717
32308
8389
113790
8842
64464
80244
32622
11738
12009
19673
11249
52626
138653
130066
12014
17673
134140
5971
69245
21401
52095
41273
136402
6028
4546
134331
5701
105477
32399
134644
134277
69404
10231
2843
9458
41651
31378
4962
138654
136254
1838
129146
8111
9986
6816
3073
10097
49970
22724
12063
2314
37999
12071
56694
101101
12078
6760
134430
5113
4710
4203
5361
40537
22816
100630
1136
40820
8686
68375
133786
4359
2508
4660
8135
23363
41572
41351
23565
32650
56711
2904
12097
10107
23243
19251
9904
133571
5067
83517
32651
8809
23566
12112
12125
41718
5154
69359
12136
12138
6574
41667
38043
8204
8763
38184
10845
69406
68707
18793
8226
10071
57046
11008
55621
41080
9130
9560
137872
44219
9305
6548
9542
75056
18337
2019
12182
41674
49858
23132
4176
12189
11483
16987
12195
69167
68273
10920
22978
9745
5846
41609
41679
5356
44900
15410
121567
57052
44649
13964
32659
5960
10381
110783
32381
4173
8829
128235
10936
12231
110745
5652
56377
115597
90880
11307
12243
41031
31190
3344
5090
68285
12251
17805
32904
41816
48679
9577
9177
12267
56119
61676
5668
2939
40928
12516
11448
11458
64466
10808
1185
4972
10743
41017
9322
12275
10711
28583
135938
56037
41281
129530
2218
10713
65355
41449
9367
121661
27876
18315
8905
10384
6754
9582
105712
2108
3601
48304
47794
36143
40944
7082
48437
8120
37968
10363
48881
2449
75077
17808
9404
43235
12976
13120
8631
49663
4605
12319
32367
5742
9088
12323
32594
5431
12324
32677
12326
3125
1412
136237
41096
36327
41241
11290
49451
69182
13005
12739
11131
11009
38168
18923
4070
4722
10801
121650
11248
11466
6044
38097
10634
8238
32796
8888
4912
49885
13968
17947
11814
38373
19235
133861
132323
18414
12556
136176
12383
19247
41729
135955
32772
12392
70871
3714
10659
8217
11705
41249
2167
9951
9588
5716
37490
6804
56736
12412
40971
4469
8514
41380
69192
56806
23634
11366
72569
84838
24255
5590
37533
12433
11244
96059
41738
36363
10313
11367
99848
9886
12440
31183
66646
11851
68701
34714
1979
12304
78167
37957
3487
11117
11495
40950
23411
69513
28266
81703
38810
25444
49987
8832
2660
4957
12473
9530
86009
18975
41356
12482
130732
41224
9831
25107
83298
14043
37952
32143
31984
18313
12491
10389
135996
12698
8171
83546
75271
6876
130462
70244
128413
41552
12513
9210
14135
35370
6384
37826
9478
12533
9930
22860
10899
68483
9121
14036
20077
62673
10344
1875
11377
21074
38062
56774
3278
10015
8105
14427
23665
11712
12561
9864
134354
18869
11890
55929
81892
12583
10400
8850
45494
75281
12590
18425
19997
12592
2055
11472
23089
1066
1568
90075
15619
83162
34993
56979
12622
32352
69315
101695
70950
9820
8154
35477
10875
32746
133090
49088
14988
41075
22753
134529
32919
10676
69186
4290
24944
9419
41463
12649
34786
62199
9176
41454
9968
45495
68145
9082
5757
133090
57111
41786
9136
136809
84816
42951
70131
21361
14254
105676
3191
83271
135701
11698
8875
45149
41477
37715
17572
12696
12697
8182
23700
38271
41021
6998
23109
34317
56741
15994
9218
41792
10592
62425
16796
12722
56894
12734
74574
36205
12750
23477
56754
69183
9731
101696
82403
12788
56899
12821
88604
23725
8169
49961
32592
49962
75315
117682
12857
9428
2920
8556
41209
31428
36493
21268
14111
111694
2751
37566
36487
10489
3018
56556
55711
55764
11368
9741
23130
9543
14381
9044
10343
82078
10599
23029
41390
5077
85959
37582
75076
2455
14871
23377
5932
9924
47947
37702
21032
21230
32463
21620
24933
10716
129859
81624
9167
