114766
361842
314432
64465
494342
498890
296467
293852
297995
686774
24440
685186
500983
498099
498019
290604
24383
100364138
100363177
100362384
100360087
100359668
29292
64306
24791
117042
25333
25123
81818
24404
29338
100910937
100909441
500929
300218
64158
25353
56611
24211
317646
64371
25181
24223
114490
338401
81683
171341
100363379
117254
25380
171027
24189
291948
79255
499794
498828
81764
81660
56646
64032
25506
25151
24786
64529
25662
94174
171293
24484
24551
83720
29740
79131
85247
63864
29630
27064
100912469
83792
114561
100911730
64315
81517
80881
25508
29435
85332
25576
64192
114709
81649
83788
24158
683062
83529
50671
29186
29614
116510
25625
24771
81812
64313
56042
24192
117044
29402
25741
113947
83764
81682
81718
24437
170851
83782
59073
83514
24421
117543
54281
100359937
501441
64670
24854
65204
64635
58965
100911545
24153
29596
81519
100910418
25692
94204
29517
116552
25650
171160
25721
114087
29543
24673
100911186
140547
24842
100912604
100364487
84596
25757
25216
25073
24377
84575
25481
25717
81707
83615
100911716
85428
25715
25473
25528
171503
64314
140923
25439
81675
24434
100912034
64199
116561
171133
59107
29415
64538
171410
688815
25344
25407
29637
83472
25056
84348
83474
54133
25589
25232
79249
94167
24770
25291
25427
84490
29602
24248
65096
29539
64523
59103
113956
65038
140942
25686
25643
360406
100360507
29224
64531
100909581
690940
685520
680968
679571
25459
84013
60374
25270
117024
58820
171451
54230
24508
25055
116551
683573
117183
24780
84389
29383
26956
171122
85264
64521
83505
84488
64845
25718
171109
29365
59115
25359
155423
84583
114856
116599
29562
24914
54702
64300
113955
170919
89808
79128
83534
84014
24413
79252
83471
294254
24472
25257
170897
29221
114521
24401
140910
24674
114510
24775
83476
140595
24577
25332
29546
24330
25352
29702
81652
171164
29189
80897
117063
64355
117274
117106
81504
83611
64363
25648
84398
25236
84383
81758
25557
24268
84351
63865
116482
114111
25364
25455
100912479
25361
114519
25445
60350
29670
100910501
64017
116724
24617
83508
29527
117240
84050
83684
117279
27080
64826
29485
25109
58844
84426
83501
59076
170944
171045
116645
54315
84587
64513
25099
29146
170902
29391
83588
114105
56227
25695
81708
24511
79210
25687
29300
83727
170577
25124
24852

171411
84382
116666
24356
65028
24514
24185
25587
100912399
116667
64188
29182
81516
81507
83580
29433
79124
50662
94203
25406
83616
29597
25252
25112
81521
100910506
29647
84018
114633
25433
25358
25426
81782
171061
117540
679906
25379
29693
58853
59303
84431
29884
688682
113938
81781
25202
25150
24737
29748
79209
25671
29513
24498
78963
58813
59317
114114
60444
63879
114506
25389
79214
64160
63839
81510
116596
25341
79431
171495
171100
64558
24645
25186
58850
29261
24323
25631
89815
29364
60666
50871
60562
84588
117556
65261
24392
171447
78975
25062
117041
24560
25492
24883
140668
65189
117057
117050
66023
64442
84353
25314
25471
25033
25667
100909491
64709
117544
24516
78967
24214
58822
59101
29538
83826
29183
24896
245966
81829
25524
100364062
25630
64367
25193
100363502
679794
25309
83688
64322
63836
56083
102550530
100911158
81520
29175
117089
94201
25145
85490
116465
64373
29344
24924
29545
58845
94270
60323
24944
81803
83783
25420
29382
171103
79559
29598
29276
81751
29354
24590
24451
83785
59086
29369
60465
117038
25404
60430
84352
24686
64387
25615
171071
25066
116600
170714
24967
100365697
29463
24399
24913
100361833
171082
117560
29548
25678
24534
114861
25125
25308
25661
25045
113965
360504
25632
100359583
29222
25697
24660
63847
24230
171386
58868
171439
25388
57341
245959
24465
29317
100912282
246047
24851
29214
54254
25541
81686
317435
25592
83498
64456
83533
81741
171548
24482
117557
100911625
24334
266759
286908
25338
64510
171099
286988
100911902
29563
246302
286910
302822
25266
309627
24974
286916
246323
25031
29657
25096
259241
191574
246331
286979
29290
84586
259242
29253
501546
25283
25275
246172
292808
25197
100360218
252963
60427
257643
114764
257645
309188
64466
192129
25035
64033
266686
24587
246326
24329
84406
24778
245956
81633
29393
25179
29592
24552
362152
54319
681287
29421
100360501
25274
297402
29270
252929
100910079
362298
81732
245962
29140
286921
29711
25683
65161
116565
113886
85254
81008
115769
25267
29372
25603
192270
24424
64475
29650
29139
25205
84032
25285
85246
81736
102551731
54395
117036
24565
24654
78969
25227
25494
81750
81744
192147
24390
29685
289211
29376
100134871
689064
114767
117514
24679
81748
25403
114517
84397
309607
292072
289754
140654
300079
685883
685867
362816
100362640
29426
29345
25489
290364
688869
681754
681024
296370
684681
301575
300047
315548
114637
113894
289560
299923
361821
502674
296197
100910336
100362339
100360843
29287
29554
293860
683420
291019
303393
100362805
292804
313717
100360453
297093
503252
58823
338475
296654
690163
317413
114489
287721
364052
310667
289014
300089
681219
501550
293103
100145871
294313
56759
364838
100909548
312689
24936
292734
85237
361577
308069
306886
25626
260416
362275
288057
361128
100911713
100362005
291450
113893
54226
100912182
100910291
292964
81769
114488
294154
311215
100909510
292534
362271
246118
315158
25739
315430
291670
501841
685374
313647
500855
315265
288022
295342
296732
79130
689161
297073
25416
260326
102553715
287382
363447
191572
100911597
58827
289178
498234
296470
498701
25703
302642
298510
313211
302965
498538
100365370
102550903
24240
81663
295426
282838
299982
313662
690005
84580
313304
29223
304284
293508
29733
362013
102555086
295443
84402
29674
25530
361999
303439
360702
100912369
688583
305373
305886
299825
311130
680971
287543
116487
652929
307505
310743
289046
500654
287436
295231
308690
363232
302422
311902
29157
683077
293754
499322
288771
498587
311193
313743
362264
362454
363521
293618
306562
299626
305938
316130
362789
297433
309429
290644
282635
312855
404280
298552
25177
305332
308906
363188
363445
298376
317396
365355
361215
300981
294375
313834
360801
304786
305471
246760
500450
296849
317335
259275
25578
306817
296651
300668
364837
294744
554172
360681
300850
292710
362924
364879
498301
313860
317464
652955
302697
499497
683630
293844
317381
100912534
498109
291795
311494
25537
310201
317370
363278
246254
494344
619476
499129
293455
290645
288174
290905
29366
117550
79114
362326
81810
316325
686310
286922
501065
84484
299639
300838
308971
296271
363875
303553
297504
363485
315994
360959
316021
313582
364208
100910973
84581
295037
498959
311743
360526
140734
295458
29473
309176
362597
315272
689256
295053
362600
100912141
300211
315286
308709
293820
501601
499328
311241
363150
289801
362040
294673
364678
307249
678893
83576
362248
311422
314075
296199
29502
100911766
293627
362860
362911
100912411
294400
291076
291075
690188
361986
54304
302557
290529
680308
313410
361029
360868
298385
361289
691984
297727
362002
291534
315131
362217
361368
300901
305679
297604
287593
301570
367743
292328
54400
553106
691337
499014
298400
361309
498174
140585
688785
290553
295704
84006
501195
246046
316348
499443
498140
114906
619549
100363310
313729
298765
360475
312656
293774
361055
85265
89812
363799
361274
290596
305685
499615
308807
367903
498153
680466
303356
308654
691777
297694
297554
315611
363494
29611
294925
366065
298941
499821
363040
361165
363452
302022
315696
304529
293864
361790
500233
361018
303630
362650
308944
312030
25243
293736
360580
317409
293546
362036
29456
298410
100910881
312952
361103
362051
363520
294973
364137
299907
29699
116640
315203
312373
689710
116590
297960
305131
100910616
681284
361056
501624
501103
85250
361352
362788
313445
502091
309696
81714
360850
360983
309673
309361
681943
307393
102551660
308862
306600
296865
313722
29728
303100
679357
361970
498100
361112
316085
360468
312846
681021
104845260
298091
361241
314306
366163
498736
313510
100360880
100909791
686611
311872
289632
84350
306439
680717
361630
310909
83571
364458
619574
60670
363081
298024
289083
362619
305291
364712
301363
290692
246324
300839
361945
302890
362417
310533
361212
498112
296758
363442
367902
303188
192269
306009
310538
102549198
307414
541589
100359865
684112
312538
307288
295629
81830
307178
140937
315054
681008
289287
85424
366492
24626
316017
25560
302855
305848
315716
690211
289338
114859
690374
308009
294930
685277
362423
294508
311846
316794
361224
291034
361843
315283
367763
298609
85252
192204
305987
303024
680451
362533
103690154
313488
362398
682967
171498
102549942
361237
362011
305624
292999
360932
307271
303132
287719
498600
362065
360161
501445
362912
361092
689079
362409
313278
690367
100910717
309512
360697
301415
305152
301460
310352
311661
113927
291044
312574
361571
313139
293042
305941
310801
315136
315664
363457
498089
301709
362325
314979
305064
25423
360389
291355
310720
304881
306574
117269
291182
363091
309103
316580
306141
498386
301514
100360066
313450
314910
296408
310838
500420
291084
313594
360511
309144
314322
680445
691504
445415
499782
308939
303021
289584
314329
292306
361042
308417
117281
291463
690945
288744
363474
301252
50993
362278
685814
307585
311401
290354
102555400
295325
303211
362246
367909
287442
299830
297523
114520
686323
24245
100909830
29578
100359574
300092
301337
406864
313978
297123
362859
81784
365037
303135
100360120
24400
100910779
114217
363513
296851
503000
291180
309499
362138
500941
363469
498642
292597
100359832
300679
499689
292090
100909949
689820
24689
54265
304282
361282
684980
65248
100360533
84593
309452
363122
291580
100912115
362353
362768
314323
361442
100910723
317418
292654
297784
295588
100912151
309357
307351
316516
316764
362691
315705
314589
291981
114523
303905
303180
306792
100362733
365352
305268
100360982
85267
302864
102549890
100363675
682571
361217
363595
286939
316976
100911750
293667
301334
685152
295428
313449
296787
361430
100359714
317439
293922
81005
306804
299841
171547
310233
312566
302987
304469
306330
361256
360571
362078
366619
100302453
294515
503027
85241
294299
24205
494021
680259
298894
315649
363058
140808
313672
314730
689176
679158
300228
501569
100912449
317268
100910855
291015
310859
361348
306687
304572
299811
102557228
102552061
686809
64559
686087
317312
25565
498967
309158
364190
50552
500013
314862
302661
688555
192178
498517
361034
302502
500430
361884
100361376
311536
362048
314623
315843
498685
679869
306665
25196
266711
306934
501582
100911305
316403
25094
286926
499211
81801
306630
685826
311146
363243
299613
300811
501664
363465
305408
308795
305338
691774
314374
494338
295674
114120
366300
290541
363466
360518
83718
63845
498650
117043
360574
287615
317425
362728
317405
683508
689574
289138
361554
360843
287534
309639
315722
313615
292071
300980
304024
313196
315936
307081
304005
361927
685611
308366
298586
310392
291555
300472
690489
289264
300517
290741
291444
362606
306117
288058
309586
114845
309957
312974
100361818
311323
100910996
298227
362551
303396
315762
362361
501559
316164
500131
311443
100359861
304150
83497
309381
308519
683927
497894
295647
291324
683460
499205
79558
497961
301056
298247
302526
307514
302640
308390
29386
316258
316327
100909752
298069
365903
303836
315259
295401
294981
316521
300807
100362819
300284
114031
288308
310760
100909697
313241
680737
100912262
246770
100910983
309532
100912188
288105
311607
114494
308821
303903
310244
309475
500943
361957
363522
301861
102556623
360997
360910
293112
292483
500636
315866
310968
100911253
308718
102547228
362481
313496
312492
301013
303607
498272
304954
313994
287561
303378
502886
304157
680726
54244
500501
102546810
309527
293344
294917
100910130
293862
301676
315039
296480
291356
313433
366960
685004
316638
307217
100912566
313595
308797
54308
500837
289443
311129
360204
359726
686326
313982
292027
296583
680036
290350
298250
307562
361810
308790
293181
311071
361736
246116
691170
102549069
307548
100909771
294053
310969
100362119
305420
361084
691468
362491
305248
304794
360896
502348
302492
362993
501576
100360801
309242
310306
100363350
689377
500261
311021
294900
309446
282546
362251
289185
679028
361074
311462
300158
294141
297411
102550366
102546483
295051
102557498
312195
296708
305955
292155
313308
306183
302313
291709
311984
291773
366140
298646
448830
100912446
310877
309728
312812
308435
362719
289990
309135
499847
313210
689364
363487
287467
308632
316384
501625
363498
311425
399489
24398
100912031
313934
317213
685465
313296
292139
295631
315912
305449
298199
84486
501560
313166
685216
308692
116663
286896
317546
299828
361324
310958
294088
685067
498609
58935
25478
58919
302363
303803
299897
365396
246150
362700
619374
100360750
498934
257646
362279
367832
365793
246248
679890
317576
304023
689613
317377
308843
305302
308537
289635
362490
500040
678772
303828
361621
84598
29200
310417
311658
294410
60336
304091
302705
498014
681665
305451
291848
338474
29205
680115
102556004
100310845
100909849
364754
309196
312132
286973
310815
362262
100362176
365042
100912478
501658
305913
289664
25446
362176
296456
685045
363518
498995
287212
102555819
102555756
294988
305025
192272
100568448
308482
310655
315308
294091
289992
360034
302671
314988
360302
287803
317259
367746
363458
312477
307133
613226
310658
361836
25597
361207
312495
317575
683955
313427
361219
301024
313438
500633
685487
310540
498038
246284
363174
314119
641632
295027
307100
84380
291318
299038
362861
315084
367747
363449
360764
313974
691729
304337
367314
307555
100361585
54267
295462
313049
363071
297865
298189
361831
317346
683206
313831
304758
363259
100909590
307237
503306
311078
311047
360482
287622
307096
305687
310097
306262
64524
25277
25673
24668
24642
56010
83800
305880
83781
170465
65164
64526
116636
81778
83801
29143
63868
84469
100361025
60421
25462
25425
25742
64045
29569
54320
170724
50655
25669
54227
50690
79240
25491
116717
24539
171434
50554
24423
24499
29619
50685
56011
116546
50594
65042
56064
24188
81869
29564
63996
63994
29577
58920
25297
58954
81679
140583
29560
80849
24253
29141
170698
113976
64157
24943
140934
171114
25157
25146
24504
114247
64576
100911610
100910964
65208
25118
50672
24915
84424
81809
117549
84589
116631
25464
65196
25026
29244
114505
81783
100909725
116491
83582
50692
114209
25556
84046
83825
116479
117186
114090
81503
64547
170898
24644
25720
56820
114851
25745
170914
140593
83515
64831
155696
24653
114498
83586
171400
171432
64633
79125
117016
245903
25585
50689
24517
29448
54243
84480
171337
25183
54321
100910446
60466
29154
29466
497778
25486
79426
171112
29428
81814
29558
85274
192262
192260
619393
25262
25533
25612
140720
245955
245920
361673
246314
114122
192227
286994
85333
171335
501203
24426
29688
114636
291081
266600
94269
85251
25595
294853
100909799
25176
192154
64366
296313
289197
100911295
691642
360704
299310
315697
309004
304983
362934
500717
292845
362385
296709
25725
25622
363441
360564
685108
302562
289388
100911261
306204
361596
363004
311163
299858
361100
315594
313770
360627
290527
683626
100362023
691031
369016
114119
307343
499672
302711
362115
366624
306748
24170
363599
362374
306628
499882
314949
306871
59328
292747
363249
309069
360971
287925
298012
308909
29278
287526
361418
287828
24772
294235
361422
295929
691995
310631
295347
302248
362214
499780
300888
499417
432392
689500
302500
294674
100363521
302499
289994
299053
303504
498398
362703
306873
116693
297113
56766
291403
288993
360637
311642
100911177
26295
361598
680172
312381
252856
60324
364975
316426
291005
287159
24672
690693
292022
29521
689408
685909
685069
498894
363024
292750
362790
297486
360596
299104
365872
310960
363448
360980
25644
316249
363013
84407
361238
290556
287662
317376
682469
313494
309922
59268
64552
309415
297508
361288
305633
686539
83805
690038
100365414
498003
307956
308864
362941
100912167
363084
29431
360715
301038
100909609
309081
315795
100361417
116723
290028
619580
308845
498559
309175
317191
315121
362377
361940
81634
288091
315891
100125364
308913
100359678
306071
304301
297415
292944
310782
361413
294804
679921
309550
360606
308666
304960
171562
299996
287177
314843
311384
498256
295105
308113
362495
362624
363165
685433
685781
29540
305923
296344
691155
497979
306825
25273
502084
363502
678766
360950
363222
378467
361387
282583
25493
290537
65157
366975
406195
295568
292098
290363
362871
362322
102554622
314800
58812
362842
304334
295245
313845
361668
116543
296637
317203
304577
360630
619566
360581
306376
29436
294499
301242
306619
290669
362558
25574
100911319
680354
289820
316842
65165
652956
367313
292148
432360
681740
363630
100912338
100910200
100365043
100364835
684797
680403
306945
64647
360854
680039
361110
680692
303902
361604
102554001
100910069
100909788
302946
361043
305972
309025
313874
688749
499210
295219
305922
64561
306819
360563
362726
299236
363073
295171
65037
117276
288031
309368
293947
317444
296156
293949
100911224
100359821
303963
361050
246756
310207
366138
100362458
362899
308173
363113
311731
289084
690130
500795
361226
293967
681896
171500
64023
296762
499929
361028
54290
100361238
378947
317612
305549
394223
393092
393091
393090
393089
393088
393087
393086
393085
116781
116780
116779
116778
116742
116741
690646
294790
171435
298906
316067
314675
691543
619582
361180
361916
362737
363463
313101
362665
292464
307016
362539
500921
302934
305827
317599
302593
690251
679900
303874
309570
499797
301009
314545
298744
680248
317343
307362
360899
117140
501630
288731
362628
293849
360464
64525
363206
102548389
116650
293019
315979
498130
498407
307459
362185
314619
309557
114507
300947
100365089
317508
311881
362733
296349
311676
24941
362153
298317
313253
302678
309262
299691
100360464
501621
317256
314280
317322
60382
316758
313997
25663
502776
100910861
100909873
292401
171563
294568
313087
680201
100910792
360894
317432
303946
362160
287924
691380
292188
302495
501619
304012
361326
494219
24518
305070
315949
100312984
293677
306767
310019
100909539
293410
680712
312371
499518
367034
361686
312947
312159
686461
24948
316256
362522
360917
362182
100911660
294071
500584
60434
102552920
311020
25378
64634
246152
500595
681433
84410
309400
314930
83422
690366
316216
299169
688495
680724
299284
361201
300870
306255
501854
313650
367767
293528
502715
297109
140584
100912083
305494
154968
641315
361391
316088
308836
687516
305227
100909810
308306
294456
362715
64638
29302
246262
297824
314259
680576
681825
361076
299027
684529
687696
680121
24468
100909969
170916
25239
29373
81687
25619
296883
29452
304315
308444
500039
24184
298019
100912181
100909847
293024
100362346
297029
303601
83840
500400
316369
498957
680611
304645
315963
310526
100912032
300303
25498
79120
83712
29681
29417
29675
26954
100362453
641452
81920
83836
29439
245980
25621
25135
89842
116484
89818
29669
286898
290401
298203
287155
294288
298451
308267
360618
100125365
293863
687029
303280
100911798
294030
312754
293614
313418
362636
302559
493810
299127
100034253
290628
100910771
313121
360831
307986
295500
360531
