24957
25599
81024
100911825
498276
116591
79239
54410
29726
25454
171161
65201
65041
24172
64846
24311
78960
116684
494499
24422
81916
59265
29171
117054
25132
84410
24899
117179
25595
25346
84354
29185
94106
65039
29427
65205
54246
100911109
83623
60574
54263
171403
56782
56764
170641
84031
24236
171119
116467
100911725
54283
54240
170908
29679
29464
29192
29360
24666
29409
83425
116653
25367
83633
116641
66012
24598
58921
80754
171039
114124
116718
54251
171287
25696
25329
117955
24406
81687
81529
114557
171452
59320
83617
59323
60445
29132
29210
171529
29272
79254
25372
60391
29130
60332
114115
29179
66020
171040
192210
83830
113914
116725
24772
25399
100911343
140544
25640
100363500
81646
25050
25403
85258
24649
25280
29324
114109
24183
24840
100911833
497794
297572
297568
64154
25345
83537
60335
81745
24506
155918
60353
78971
56003
58950
25211
84416
116675
56813
81771
84027
292868
25515
24450
171493
25203
100125372
501232
171143
192225
64036
84357
100188935
24737
266782
286978
171329
252958
192178
246239
64462
25130
29735
246294
246274
25223
171581
56029
245922
64029
24379
252919
286937
245917
25728
294269
29145
25288
84473
83576
29699
192271
296706
24716
25251
24414
301333
24246
299602
442921
294337
290561
316531
362827

252900
246771
690131
365877
288176
295161
365875
303468
295703
302313
498066
246060
361517
294207
25009
361424
294312
683667
313529
100912498
100360487
362835
363020
100911740
298312
315212
362634
306616
619440
303248
102556974
102552540
102551188
684084
683963
679711
361542
113940
297961
360779
298426
25729
362429
114022
299210
100911548
297592
361705
300993
362020
314647
306182
100362724
100361713
304176
300146
100359980
316561
313325
300441
291999
295341
294241
289565
311821
299738
311185
497958
313969
498546
498309
313017
306490
296346
297453
313234
503446
498392
361672
308478
680549
497933
246776
304551
314621
619573
301233
296753
301235
309300
297994
499088
360568
315776
50872
500917
299339
310674
290639
499765
100362458
314405
499507
361192
303669
292485
301549
308998
85420
100911217
192349
100912795
300219
361816
102555451
100362817
691429
100910827
298566
312495
100910316
298366
681066
300215
297627
295455
364529
54293
259271
84016
362978
100911867
246246
102557141
102553981
100909857
362638
100909856
362591
303287
100362255
288906
361623
689600
293925
296925
288227
298301
362415
102552398
302998
499158
100911669
498274
310483
100912084
315071
312320
364981
366856
296091
303536
360921
306941
292686
294251
499927
311856
314396
290232
360481
498145
690865
294350
311137
316219
102556273
315438
500292
102555876
307310
102554489
689161
690026
287766
500348
313658
60669
314273
306380
366463
689249
266809
293623
361228
303692
299730
295692
688705
360842
313840
313235
287532
310663
362866
362861
289152
100361133
499668
368158
316122
502935
304474
316539
313749
305310
689933
300029
294331
500230
303353
294519
689746
288038
305264
363018
304298
680885
102548022
306540
300207
100911489
100910668
102556910
100911002
100366231
307926
499139
361977
365985
499429
114850
691889
314961
25666
308449
102553921
363483
102553763
316137
366035
317297
287798
102553131
353306
100911574
498369
303554
171549
362732
100909469
361002
360886
296267
362175
361907
299356
102555594
362427
312720
287751
314180
305984
691750
362607
294324
310855
294321
293660
306306
306576
315769
306844
100362783
684980
302507
102550118
102547287
500069
296184
360947
102557219
102557205
102551046
100364832
100361710
364393
361051
315904
301737
503252
364785
311026
310721
314746
361016
315970
363152
316290
361624
308810
363869
100366044
361927
690806
368190
684112
498529
312649
289342
266603
314856
315287
360799
312863
156826
300446
296947
366473
315160
498564
303566
287644
312654
498910
299188
100912484
303970
259221
362442
89828
311403
361607
314168
353229
367264
681647
307288
100911041
680866
361014
293180
364648
313200
293144
367785
293663
361237
290843
681740
353252
289181
684811
317486
100910797
100362836
102556277
290803
294804
366244
690082
315546
305974
288280
313163
500925
313755
498311
287178
309187
306459
287557
367956
311129
288045
287659
691631
307759
100912849
362433
305419
311716
24255
500800
365948
360763
307309
292757
361769
500434
498028
296137
310775
408245
291077
289530
315091
57022
690206
303538
298398
499865
303533
303407
363261
288124
312793
290876
362598
365266
361564
499836
293449
362918
303148
311491
288308
367734
304019
316557
282844
304554
500336
360471
685964
688324
288010
298024
296608
316620
361576
367113
308871
361476
171525
682010
300442
684444
301516
685839
681167
366491
301114
365387
499721
308900
291677
314169
306950
691668
361544
315745
293016
499094
25434
54231
94340
25058
25116
170496
84551
140693
29477
25499
170538
25330
171058
79243
171414
94196
29416
24297
29359
56777
24215
83610
50693
29559
24385
29397
25677
117037
171501
25566
54349
116557
24839
65180
64119
116693
64702
64086
29333
117523
25641
170580
25315
25062
81779
171146
24890
25620
25688
171394
140734
116722
102556346
24310
60660
56814
24528
63845
140943
117560
286904
286961
114114
100534597
100360180
117548
25305
116699
24640
29274
25418
170818
24416
171577
287750
85267
114215
100361706
117062
297339
307989
316415
54249
296366
290985
361680
688813
682635
310630
361466
293150
292912
292876
100362331
309169
100910104
691966
291541
362111
361269
296966
361694
689852
310749
688452
500441
287606
25521
314859
306353
363088
102557419
100912904
100360856
685796
501396
363306
361538
64573
293488
309918
679937
311548
317431
361671
287935
683605
306322
293524
303772
100912140
684996
311166
311325
362783
314457
302552
114207
306243
292535
293050
361791
298496
302680
293052
288416
100910646
317241
691920
312670
308408
689765
364206
366196
500377
296417
102551963
499602
366474
314616
102550354
100363171
305078
498229
102548479
498236
304318
100360380
298573
679811
299923
294322
361789
501507
289168
499776
289032
282843
498793
361268
313866
302977
408217
500059
65026
298579
309208
102547191
102552669
360604
498266
363227
361195
315863
304689
291567
314028
305332
305467
295279
287834
362553
500361
687739
291359
362284
307801
308576
293165
682006
306278
314332
100359977
192361
296610
102554403
308905
680590
498726
100909504
289054
362618
311562
688848
690919
293118
306137
361605
304181
362906
303519
362472
313722
304379
102548489
360508
102551584
501592
363948
311852
310849
292890
307579
100912384
295361
687399
685271
363538
310982
315649
117045
24611
308003
316051
305164
362845
313024
500577
288661
306342
297930
314721
316628
304579
680045
100912930
100364877
691030
367932
317597
317314
296411
291540
300721
171113
288604
681924
100912617
619550
102556780
102556632
100912726
100909409
690467
689635
689453
688649
686719
685989
685199
683878
679730
501467
501317
316005
102548046
308834
102557559
102550750
307660
502694
309659
100361672
681383
308561
500266
682033
501056
102551820
688736
687758
100360128
360891
499255
102553212
300866
691162
679806
102547294
94188
100362109
500566
308968
102549552
307774
500294
680076
102551705
297333
102557525
102557056
100912852
367620
363181
102553099
100359716
288108
298201
102551387
361740
266780
306570
297444
360855
100365450
305477
102551632
100911283
100910243
100909499
100909457
100363883
502180
502062
502051
498591
290580
300923
499418
100361506
297814
498489
100363146
100911554
303073
289883
287698
100910669
100910497
685020
305475
500853
689589
498533
362346
293345
