49724
9821
75045
139297
149
37729
134170
8345
41473
122148
84372
1974
141123
41131
10590
6462
38809
139297
141181
141180
141180
11890
99711
124162
31996
11012
9356
136465
34993
140532
136194
11907
136360
135935
42094
138401
136307
6462
53133
136362
136362
7628
3278
4280
5260
31996
924
24944
48376
133873
56129
38287
83295
1032
56760
3000
37670
55912
2019
134170
137371
37691
88708
22991
81909
2951
72199
68287
3195
4710
31231
65246
21249
5110
12423
14618
3129
1399
15856
5225
3322
38112
134543
137224
56743
4546
854
37249
47947
55561
1478
115
55532
121756
26431
55661
6421
41609
11085
2027
56429
530
8276
2431
465
55900
2556
6
56424
20662
7960
68982
56489
45644
38149
2995
3654
45576
1511
37659
55670
6899
55471
40774
37664
17
3124
37263
4016
121578
17808
2617
38696
10558
10363
40648
68281
4333
133718
113207
5970
41683
330
5175
6797
55642
10676
37302
129
2718
2188
20819
104027
11739
41467
31199
5932
12539
82403
41072
135935
17604
38809
100630
227
31428
9793
45120
56960
1736
9960
13
11457
3161
134085
31267
4828
56558
11478
32130
2380
7830
68404
12730
9585
45426
73871
12014
45622
40775
9424
11569
3125
34525
68249
8832
22631
31420
41008
8462
41531
134741
3598
10213
45479
21215
9006
7488
7090
121702
41334
140804
554
16281
8697
32193
8226
10133
11852
4301
37975
21085
269
6471
41231
6377
45505
4636
3177
21620
3733
38108
23132
37347
12944
80167
69090
56745
13092
12485
38017
32317
40690
38024
12340
17005
4309
134087
107623
10059
56949
32380
41097
13963
69183
39824
13222
38284
14988
6460
22742
3107
9599
5464
4637
134530
11072
3588
100
9494
9603
8829
12252
9741
35065
8217
9196
4702
5894
21177
9117
131508
101535
2661
6285
257
10841
9491
56695
9218
31378
104145
37727
41556
11093
134624
32352
1487
14598
10173
8678
129624
32257
2443
9654
113770
6100
9563
39531
15760
41024
19711
3709
2199
1039
37753
45113
8270
18212
10080
22877
80206
7135
4797
2354
3486
5207
16997
8127
40833
13503
10044
35136
135616
12580
4924
3626
130732
69165
11439
3120
32211
40819
1592
84779
4811
21366
10357
31294
19471
55855
6760
68174
6489
23459
12407
32300
11368
9503
5621
136812
23363
5878
37296
5358
9030
41520
80230
5848
11890
6280
57502
135948
5220
27035
14519
4080
83517
34317
20847
69390
12464
6356
9167
33158
32457
6127
388
3597
32553
10154
81624
92693
40986
9825
9182
8933
18628
9087
3395
136194
32311
8763
35328
6816
11200
57024
9507
10099
133948
8114
56806
11202
12689
20692
3419
7670
3201
9093
1875
21130
5571
36327
23125
35279
14449
26701
56841
7859
32377
36635
5561
123926
55666
68813
12
69517
8111
8846
37707
17151
56417
34661
12722
9845
31288
8994
1791
11367
18584
141137
12659
69238
7574
40805
19251
20364
3473
40841
11635
5068
5067
133740
2954
75056
89116
9140
9696
20342
8720
14145
15563
13945
40545
37976
52683
8888
10706
41793
7207
12404
48696
77337
22857
56875
38276
81724
9768
35410
41512
134255
12667
37322
2205
21163
4424
12126
5431
23382
74514
26429
56444
11001
6175
56564
41487
55708
11012
10086
10807
34991
10253
32919
5006
45651
536
10236
20379
45954
32274
134102
4809
12245
69513
10745
49222
134094
7888
12746
22992
6943
41504
4705
10010
25536
32658
8579
9115
9576
15655
4393
74409
135848
10755
17533
4211
4359
74536
82369
9040
10774
11991
48304
11907
9376
1543
48172
20367
8343
7118
15058
35310
14575
134118
41282
4709
8009
32304
56483
9165
5717
41380
16410
11249
37656
18308
134015
449
37721
5490
75137
31382
9930
51693
34523
20104
7909
34134
16321
41323
17947
8279
32618
38238
45953
18868
141123
32274
136360
32203
452
41473
16014
7582
4332
86233
56916
34695
40866
37838
10495
75139
77589
15889
3238
22614
10237
12005
36164
46480
49832
38199
67089
41169
40802
3451
81850
10581
55733
41473
21397
22933
55770
37712
41321
3397
3603
1786
3476
4374
479
55483
1932
1042
4047
3684
4819
4437
56955
2467
1354
2508
2429
121650
4352
68818
68375
10599
20159
2459
55478
36169
7511
8095
121722
19567
10210
26175
135723
41454
136269
31389
11320
10808
136809
10297
37736
25281
10590
32661
42951
32256
41185
34992
9381
56377
19382
3210
35252
41372
31411
87858
8133
56032
141180
41858
19243
41131
32381
4414
82354
133290
74565
40607
1251
4327
1974
2983
3223
37882
68543
68105
68148
2333
2921
4135
38049
4446
50532
55872
2691
37763
10743
8105
10899
7683
3384
4146
20119
38253
7934
38151
8064
37977
