134538
57051
68066
68076
41092
7586
3672
137356
79330
131587
12375
141099
90075
137534
121902
79330
130035
1198
140536
133090
2204
37524
11720
31403
4747
14860
9163
4368
136157
32336
136434
41356
129731
110165
130609
14282
79330
110917
41048
133576
78363
11125
22907
79330
87072
99789
133055
55983
133797
136358
69045
44182
31086
88487
31266
135845
10413
140557
40606
141118
134261
136774
37416
37823
136183
11890
118818
31996
121585
8542
9852
41347
136237
40748
3018
141099
3643
6009
5027
37248
129835
74414
134584
136434
139417
20916
38239
2453
68701
137323
37715
3045
4336
75113
776
10845
136264
134266
8056
140534
134430
4540
17566
40514
134097
80245
27044
128366
12876
21280
4821
2320
31202
111694
36493
12750
1880
69255
55888
56282
4280
2866
20123
117695
3962
6384
20874
32427
3228
4530
31996
83283
31404
3234
4433
55562
9280
3123
10664
31412
134269
20091
3928
82078
2415
21008
4533
9478
31164
128537
74574
56129
5263
31387
7396
333
3254
40891
41443
7473
3541
359
14255
6320
128202
37294
31266
36321
7297
20632
134437
256
37532
37612
37670
3812
572
75191
115468
3021
55636
3138
2362
55621
4070
8056
3116
99728
37995
49308
130626
135870
130700
75095
129613
75096
49552
1424
1724
69315
31001
137654
68522
100572
7856
7497
48353
1596
8544
23450
32094
99789
100680
8030
88708
7652
68559
38186
41418
68178
68272
3875
55829
32236
136513
931
3018
975
20970
68287
21053
7732
779
68364
11732
115597
11636
133932
3195
2699
121937
10400
8154
36149
12499
4456
55653
130782
69161
137872
2063
39748
21853
138089
3334
3521
69293
1045
49199
20545
57052
8628
22695
41451
3256
10920
22785
20842
90880
15859
10289
55616
3006
68719
10544
11027
41449
9044
8521
8540
15903
11648
8530
22712
138095
31212
56582
8666
117458
41792
8303
49392
52330
67425
138093
23686
9181
68463
66194
26430
40820
7159
1314
38218
15410
25661
37248
3
22758
1227
3785
110441
123896
133743
30950
564
36075
2987
574
1412
111050
55514
3807
75
1476
74545
56394
74414
3837
37906
107053
20378
136
22726
55885
55532
1571
20155
30960
128181
115474
121492
660
37271
128764
68066
31075
56590
68524
74294
515
500
502
474
1652
1658
22999
21033
1679
7390
3910
55647
200
4324
134785
4344
133779
31092
40755
5275
26431
1203
4067
10176
37649
1347
16378
7706
10156
10845
2120
68503
134583
56839
68070
44892
68185
16987
1953
23664
416
9458
9208
17041
5001
81667
2876
37647
21542
1979
32059
22876
7482
105262
37660
37889
55497
2807
1770
4158
37666
7904
128301
2241
31121
128606
813
68520
128699
392
31132
460
128637
74286
1382
11536
55534
5136
1741
2735
2117
20420
35
448
7809
1531
2094
128352
873
8471
820
47921
39086
37277
2175
352
79541
21132
4892
116234
7762
1337
1449
57137
2398
21428
7960
136488
73875
48068
676
31401
55557
31038
55803
1293
37487
3263
20419
1654
2281
664
1645
2252
73870
4585
20944
1246
7230
20869
32089
1673
32055
31361
2140
4115
37759
7672
4334
1148
56489
2414
68445
1022
1198
20187
79
133055
1088
31089
693
88815
1912
1980
2334
20156
36322
31144
838
137202
68060
137229
563
3183
1265
7658
1330
508
56386
74392
68209
1373
36159
68035
55488
1466
1510
3967
3845
2881
20500
168
185
1723
1777
38116
3058
134533
136487
4086
7863
1878
81697
55495
37369
37680
7246
103879
3371
21010
37717
2862
297
56521
38259
7970
37767
56528
1633
1632
55639
27907
1779
4745
134313
69113
2253
55670
20915
2122
828
55643
37650
55937
133979
55975
1300
20658
37509
1533
499
677
927
48052
21196
20312
68212
3217
74417
137254
717
3808
76699
4908
55471
2433
30997
40774
1572
37664
100930
55668
4567
137255
1413
128710
20511
12449
3763
113391
8227
4156
8632
9675
8701
49646
10873
1624
123916
21744
8289
8171
32344
1514
23186
349
2897
4697
3980
13167
138410
116462
11025
38194
11705
20930
129965
4960
10226
4281
31228
41667
14427
134529
103998
45148
66271
1965
18809
22519
133974
5330
5175
38055
5174
4040
36200
41882
7364
7097
3364
69406
17800
14202
23409
41353
9226
6520
32272
14597
129992
37706
5745
56412
9515
12776
41713
135933
31199
3327
2974
8023
14133
7326
12997
1193
56957
27084
989
3722
2524
4181
100630
4976
4219
6395
1742
11006
970
7388
55623
22759
11838
32143
41329
18744
56670
8667
11597
38171
13093
9766
21416
55618
20437
21334
8542
8752
134447
4669
38145
74357
49734
696
9714
11501
101539
3249
10621
10477
22430
81710
38387
7724
1577
12491
913
180
727
2816
1326
21151
3208
18350
9517
14518
68053
28266
23148
1252
20549
37526
31216
48457
110745
1653
5240
4611
3456
32650
413
3297
11583
41249
69099
2779
8025
66368
29
137356
100316
37524
31190
12274
11150
132
56014
2792
203
44182
10779
834
9881
37735
8622
2645
1099
16341
37874
4480
145
239
1503
37416
20165
79330
136129
8950
68449
134758
55444
4903
8426
6908
10926
111061
18347
8234
21182
7557
31276
20331
22860
121718
9745
716
9435
23331
135938
2453
1346
2841
21247
38239
32339
2867
7217
926
32167
9872
2778
27781
1015
6973
110
12513
23734
38095
3657
1119
134261
129779
8594
49205
1532
73874
14135
12130
41009
3778
12189
10413
134584
56979
1187
48010
3118
105456
7418
320
2894
74294
133576
4783
9305
81821
1936
22807
55664
4573
4579
37401
4870
12719
4316
16281
3408
12338
8453
31039
1095
38111
2920
2587
879
437
2694
2770
88454
55942
9199
56382
55448
38007
135940
11244
23251
8539
16855
68531
10389
1811
7060
32243
32200
48133
48364
19064
37975
11529
10562
40647
31000
1182
90945
2162
3375
55480
40728
8895
10865
2444
81740
37894
134268
3155
23056
37972
6488
121491
30136
3030
21074
1171
68275
8919
137323
32016
68398
22702
10417
1946
3112
38067
134664
20320
215
31043
1927
55597
7908
1444
86889
10485
31406
134518
32722
4560
21230
1847
41562
1609
80163
32646
20510
9844
2736
11511
2469
865
910
75239
106649
37999
147
2081
2082
35248
31432
2314
105299
2088
12097
10713
36201
31023
55897
4322
385
32746
37980
68285
80167
3064
3557
41075
2167
40583
27398
39
1547
31434
40496
1071
37554
41096
135942
9254
68099
17953
33836
4201
18603
23109
1753
11745
11048
41014
18773
12964
49667
5757
37704
2815
100376
135845
37536
18243
872
8389
66204
49535
68308
128491
1776
31375
32308
2986
37855
4469
6379
32580
7621
9510
5027
9632
3922
16454
1722
90888
18701
1525
9524
8291
13251
10398
16890
7433
7042
134126
1568
41699
62452
8600
1744
8556
30957
55953
27876
20538
55617
747
90898
3672
56761
9581
69045
9484
134149
3601
17652
1058
7309
56594
3194
8727
12347
135605
23032
7213
22681
4578
1468
110440
9514
133951
8160
8435
74306
49414
9938
7442
27547
2826
3193
82192
11186
31078
18264
40575
20700
2275
9530
23101
99848
10993
5803
2660
38097
4172
2003
3510
8206
37716
2677
2908
12078
100715
9287
4128
1195
20494
15570
10142
2026
12821
8451
62673
27952
8611
8683
57205
134536
7508
18391
34730
9185
45432
1406
31378
8204
31347
21123
37552
49137
117983
32352
3276
7640
17647
13137
19697
12720
19504
8771
12734
9858
4448
76
523
8374
2606
23123
9114
18425
18431
56879
56605
15619
10414
45966
6585
57079
14043
1492
3709
17028
18546
20789
3959
10097
10004
4340
56800
28295
10080
41385
74291
18953
32079
134266
19235
40873
871
11515
8636
878
23243
4605
43236
7594
41703
41888
56019
9504
8535
10684
12631
56678
57105
19482
194
10255
57016
15037
80174
45451
4267
38098
37480
130564
37255
133978
11117
3864
4575
6957
75050
10340
1390
6716
18902
64464
3592
10550
3829
5325
2593
14695
8309
37922
2218
2820
9284
135944
23089
5742
134145
133078
74307
10822
4227
36487
17035
9601
32570
34981
69414
10053
11596
134097
36349
1433
20362
1464
11097
56691
12048
21312
18192
22589
9019
134613
13118
11513
86092
87637
7583
51858
18692
2813
8634
86729
22628
20559
3999
9081
242
13570
11209
10268
5191
22815
11396
41045
37952
129601
8887
75345
457
56936
4659
3951
41399
11416
5087
27985
55575
16023
75079
115911
4933
37982
18361
68386
5951
66313
979
37306
13097
75008
3540
17706
11691
1873
10588
40882
11890
2942
5960
18226
37478
33473
31159
128352
9068
57086
3192
45872
8932
4080
6629
14164
100714
2949
64370
9338
68372
18162
22684
13463
8716
35477
46417
9590
18950
41394
9022
39581
4937
10613
36371
19221
11332
22941
31181
49498
14161
41422
9182
8996
48468
4683
12715
3441
3167
8868
4240
101447
2738
4912
1017
20909
345
139325
16195
36411
6289
11881
17632
8980
32430
12324
32772
10313
7861
7604
10608
11601
32331
18617
8514
8131
12204
45504
37957
56806
8926
3674
62425
9534
36819
1057
20748
23179
3325
18821
7380
12412
31086
55961
3272
5219
2685
32608
9852
19067
12506
20839
8128
135715
38181
1875
21130
75044
88487
131675
88669
135953
38206
69669
136176
35420
11133
70950
23571
11307
133822
9622
21267
52163
41492
37928
81826
17566
12420
7774
45810
1801
16235
8814
11832
10344
8902
11500
24942
2055
4117
18932
15019
22627
129797
1473
4611
2668
6971
12136
21401
9512
56943
19330
3844
9840
11555
135955
22002
32771
8981
32510
72536
12138
11587
2125
48437
4353
8008
38161
32551
8968
14200
69908
12299
5128
68533
8619
9735
18199
17686
48140
27888
16301
11440
32743
43977
2364
14334
18384
17805
45165
6120
23048
11892
41739
9565
41901
41209
17734
18315
41196
19529
9121
826
18260
55836
17152
8875
3746
25103
17571
4247
2232
11094
23313
8696
7663
75051
34940
7012
20794
3422
6009
56711
36404
5169
128391
14708
21146
41017
11530
16993
14453
57144
22816
18736
37942
7212
68998
128711
55582
22082
9809
9899
4755
14146
8515
81830
16314
133090
22710
43235
49405
79498
84697
9243
3897
40749
45149
17673
55711
233
27862
40950
111053
133917
75076
70874
8040
9150
49379
5068
55693
5067
20623
31098
1089
2424
133979
56999
68439
55806
11632
10231
12908
41265
5100
38834
62199
21129
57032
7718
222
12074
57048
4041
2487
3643
32819
12473
31370
5961
69340
4176
27069
11669
55581
10483
100830
68636
6628
12697
2695
49713
8581
86845
48509
44893
7397
19560
3356
4671
10061
20520
41572
57046
99373
83924
20793
134711
10667
7082
18707
18532
84592
13005
68707
8934
1284
55983
82571
12269
3121
3548
12051
37888
25090
5388
41666
129943
34248
22978
32426
79701
41729
32623
8714
11173
100660
10898
124356
18956
40537
34938
38236
37590
74514
131343
45688
2418
56472
136199
98024
82269
19512
3038
1392
20714
21858
90897
6862
11145
23544
3573
38169
4730
11228
22882
40906
41519
69167
23565
77353
81655
10933
4182
4927
11779
11698
11269
9640
138303
6048
134102
4072
20637
68190
4660
138852
18648
4670
134094
18817
110783
44338
33615
23302
4180
18404
8212
8815
22992
12772
57095
41339
56426
16268
17109
12926
8407
8822
23117
37856
40928
41430
21058
64642
18829
31250
18151
9863
11351
8708
10723
52086
12988
56774
18942
12226
8970
38810
74875
2888
53366
45411
3636
19635
98734
7981
11448
82406
13195
4970
10046
9870
3833
41586
14167
11483
7540
56411
8130
8706
134002
14177
10711
4572
8641
7554
14111
10570
4766
134156
20595
9794
13196
23642
26151
36341
18337
41651
100834
28013
41786
3337
41738
3418
20967
21304
133852
136076
48050
22125
2717
31255
88709
11475
9542
22046
90852
135613
8028
169
2608
37496
37264
4896
137220
31355
18945
17610
69035
7884
5411
9153
16316
41494
2338
40606
128415
68479
9361
130
69182
38233
8760
6945
32372
9642
9345
46568
72228
18377
7717
7629
14180
20929
12634
129115
7825
9533
105676
37917
134159
21412
78045
86995
12985
8545
2561
9588
12125
12009
9668
10705
138472
75093
135719
49565
75098
117962
129614
49561
49562
135720
3828
10936
5156
20343
31205
9650
55916
9109
55956
22823
65276
48325
48241
3607
31475
40686
88836
10110
20870
45640
53442
51375
18614
4540
9967
64844
55565
36472
1137
23600
7778
2342
11857
18159
14237
69087
23611
134331
52572
136719
121567
3465
38238
11853
17572
134314
133863
135619
38271
32598
11684
13120
65245
62301
11450
32504
5410
32741
49696
115690
38251
68428
31087
27932
4223
23209
37357
41552
128047
138748
70871
18462
11451
49376
32514
41051
18215
44781
31257
17518
123813
8967
134309
32607
130039
8780
40982
78582
50463
12992
34935
28446
15882
24504
13239
68515
5436
28098
37940
41830
99786
134312
134586
18948
134591
51851
134430
11042
56537
64833
16059
11346
134518
55929
8853
10187
10641
38199
82943
49723
8493
31310
3924
1657
1331
55800
89
23407
55682
4113
48120
37586
41111
9643
2994
56379
4179
4953
128275
68393
1551
31220
74552
1930
37710
74462
22515
2516
55740
4729
37533
9327
10293
32531
49978
33907
22725
20724
2754
7531
3391
23164
20857
7399
10576
10582
4276
10077
8498
1895
8003
121695
8384
1800
3303
44067
403
5074
20750
1334
20477
638
996
4275
36361
37570
540
4713
3587
522
9555
56929
10018
8126
4313
3454
5274
21318
493
41321
8692
21477
692
7413
2989
11055
3834
37823
115622
5593
1538
27775
10929
8492
45228
10285
51645
115908
9531
55857
20372
130458
11090
68403
38075
1626
901
9984
4597
68216
88793
1431
37525
37566
102202
2506
8120
68498
17045
81816
271
3045
55940
105144
231
7254
20916
3235
9306
1249
936
726
4944
68377
12206
5047
4453
137230
3057
30998
31330
1940
21169
5157
68154
38083
1069
37550
10161
31525
7643
11216
7325
41457
1981
7306
68142
8726
8665
768
68550
23377
7359
11280
10820
55588
4626
1204
23394
8951
9420
37974
31114
55991
48420
3506
995
41347
49590
32046
41267
10565
140550
11287
40980
7511
34290
135819
135511
7564
32278
17647
9774
36929
71327
19716
69153
136446
2918
23460
86995
19521
21321
7995
138447
76766
16998
100569
35360
81738
12346
85195
81391
49388
130366
66646
52626
19746
37629
50025
136183
17009
65355
52110
31279
57151
19600
41145
10381
129620
4582
51648
8544
12687
8323
80171
57023
140548
11390
1664
64011
138296
23226
86879
52388
41804
49234
38184
46592
110676
17100
68505
40934
66105
69080
83271
128711
20939
37757
49242
4050
10494
48430
16328
32307
23253
52095
12036
84734
20711
12795
39658
68066
56843
134420
45636
2468
41374
9856
138667
105738
82382
35276
41372
13214
31233
41304
377
18390
41012
17647
44540
41967
14128
84604
56032
14562
41356
34786
86705
56299
49603
7606
11495
69369
55925
65996
55922
122081
7626
4742
75216
4551
69065
55593
68164
55558
1026
9631
68379
48065
5144
8469
1612
38053
21381
1266
2558
2722
7
1229
2871
8691
56754
8620
37592
105490
1576
20911
4763
4314
1792
1804
40748
1833
133938
55553
31777
3231
1136
22398
31219
1680
37614
55655
3329
3659
21040
4082
1365
68483
2971
7878
1956
128200
264
386
4098
130545
133572
2228
68297
2333
2366
5154
2374
105435
2432
2435
37747
2538
55938
37903
41816
123914
20979
2042
2520
31139
1194
1905
137405
20424
2893
31206
31215
55872
107244
3100
335
2999
136097
308
7133
31426
20518
3591
914
21290
4859
4916
55702
8490
66302
30958
3293
37608
133879
128224
2534
90949
136612
1384
21120
113377
3638
32354
81703
37667
95094
4940
117703
55433
37733
4526
22419
124071
7782
69
1434
22431
2407
37878
946
5162
7823
2266
3751
1361
37520
21059
22529
10504
5077
2990
55776
6696
3036
3034
22753
3995
31353
2192
4864
38155
4093
20900
55798
40514
1678
20744
6802
69015
7925
20119
7673
2554
11137
21022
7789
41390
4672
12490
36058
7303
22704
55434
2251
2634
20987
4833
2808
3606
41472
55429
1978
1068
3742
36176
