690244
100366017
361013
289521

296279
100910519
100909916
498914
292074
310258
300813
100359969
29236
100363537
302497
301299
81729
689961
29754
64303
81767
100911540
83427
114630
140931
24368
100365047
29184
171083
64534
60381
24400
25014
25405
117017
29443
53372
24159
64194
89791
81531
54190
65155
25748
64896
171135
60374
24874
171070
114514
84508
171159
114024
64191
502603
58821
25023
83842
29680
117095
83519
171485
360348
65051
81813
24246
84481
83765
25472
25584
114095
53982
64189
117276
29437
100910688
81643
360818
29384
85496
24165
114031
24464
24787
100361558
117056
58961
58851
29411
29642
81826
282819
25203
83507
266776
29693
85250
25698
29521
171136
305614
140585
64678
24667
102556682
300726
171347
298648
691807
100912030
499125
361070
289831
100125370
680782
100912446
287113
685888
303831
361425
315329
304862
500651
296293
298792
25125
100911400
287552
494445
100125373
363836
298682
297705
300240
24605
316810
316035
291259
361351
298757
60661
316064
294810
688478
307905
294753
288064
497198
310131
362017
499677
294518
363603
287191
299909
303501
362037
100360682
362844
498642
294862
361181
316273
290923
192361
29715
100910207
289881
306487
689820
308100
309129
297428
287765
290533
290912
300083
64823
500005
681282
305386
362734
316098
498160
689226
29631
312135
362029
362890
100910990
305571
117280
360834
310958
365703
100911652
303518
503027
316552
292305
307210
306991
306129
170904
364601
291057
316370
360874
450225
100188944
360822
100910163
684871
316742
365802
362361
307008
298861
310843
361183
364064
312826
307491
304132
294236
689174
252889
312678
364902
362384
116685
360992
25725
100911674
363614
500974
303274
299204
100910660
361814
689890
65131
312358
310784
317163
303336
685590
170911
304859
366227
365661
363644
688041
291556
288701
311726
290775
291737
300797
100910706
100910589
100910545
690757
64551
303292
499883
54245
500526
360642
300836
300860
309953
361420
310749
362098
315871
360609
362316
24884
303763
299933
498331
691113
498008
307829
84394
81782
290648
360515
266606
289185
100190937
293828
114764
498486
293738
680586
100363500
81646
304740
314690
102547059
303396
24675
298439
363854
501146
290831
317399
309391
291078
102548778
100361568
315150
311508
305343
102556224
100912727
246232
315923
362317
307492
311183
306222
85384
363294
289668
310506
287615
289051
65044
29591
116670
307200
308911
309259
362521
100912041
361659
306722
362224
315840
304850
298652
361849
311088
362873
299827
317630
313115
304244
311441
303953
287408
305645
291940
680537
366381
100911534
308201
361091
85385
365895
307970
312054
291925
315858
24919
299207
100912037
289810
308667
310946
308282
360828
100910823
360785
293526
295602
315798
299194
100360342
311529
314824
289143
313861
313216
306571
304488
315655
361344
299246
366403
316435
102556152
291694
313166
297514
308624
500616
679028
294007
365684
306400
291211
116554
498333
361627
361346
289990
311415
309070
305171
362766
297480
313085
364070
363528
691610
304923
310791
102557258
304791
300944
309891
691501
293165
360840
100909598
310362
502710
83515
360600
498328
366896
360826
362630
291320
311118
684297
117255
500629
298874
361664
100911837
363849
314743
297902
362106
362212
29150
295607
316557
679845
305083
362763
305911
361866
306549
363113
360602
501083
500640
308516
301622
79215
309957
683667
309338
308900
315447
313929
688298
681371
294429
311368
690769
100910121
304714
361924
362740
100910753
303803
361462
368070
310659
363735
682097
311114
360204
499105
362132
361594
56763
296840
290907
363210
361771
300783
100912269
289419
362736
24326
362683
83835
261736
288240
689116
361929
290946
311575
360797
266706
498803
679110
364878
308968
313210
314548
498081
494322
311245
171116
309514
140581
100910827
691493
310467
497935
362231
689523
310461
304010
293620
58970
499985
24212
25594
140923
170907
25027
100909840
114901
84496
29534
360389
100363472
499670
58839
114496
102548514
100910202
24827
25336
64028
25619
100910308
100359876
140946
64040
65043
192180
64036
83626
25715
171365
59102
114612
171120
286917
246327
287417
294421
290029
300795
295297
29432
246294
681410
305506
300084
287474
300791
309041
310745
300514
266766
361378
362160
304709
102546572
306254
293017
361598
288353
307861
362857
680944
307779
94189
361390
364981
288779
690693
679934
361178
293960
311826
25485
362850
310773
295678
282581
25720
301245
288165
292095
361944
298786
310710
303919
313264
501157
291314
499877
29142
288333
299256
314212
288414
690634
361601
304794
102553917
362383
361920
295686
113984
500034
294799
291987
319113
360994
314171
309596
500988
192152
293551
289324
361317
287299
309858
363062
304074
498418
60447
310062
498840
295394
500116
81661
363005
304731
292206
299864
360692
81776
297601
313348
503257
102557349
102557158
102550203
102549923
360866
310192
309031
294774
293888
499878
313481
498549
171304
100912235
298081
309774
367021
366203
305268
681062
498489
313842
100911865
298104
294456
24790
366170
312132
313618
287420
81002
502525
498630
300886
81714
682914
304109
29149
362519
64459
688133
64824
100911033
100911166
311326
64018
311403
310512
301555
308215
100910717
309512
100909758
399684
360905
66015
310375
100910779
114217
316687
362817
362187
500622
362699
309126
315478
362251
316982
303755
499617
499474
100910795
361838
360845
300849
100910033
362170
304056
114765
361449
498119
100910732
302915
308361
312510
287109
25285
100911779
64473
686295
116590
310508
81800
307820
81518
293938
306977
300996
100364165
303298
679126
300713
78959
116563
58819
116483
100363335
117282
117553
64631
245903
100910784
246216
291609
305851
100910137
691278
301434
64550
100910882
303740
502782
306229
361700
