11848
84685
11112
115930
11955
49519
53493
16205
31675
4630
51864
50340
23221
124480
136286
130780
40979
32791
76448
9694
28173
136638
9035
131791
141165
12698
52813
45162
28302
69244
8077
134338
38809
51177
130058
35106
117988
18835
135984
12664
9356
11718
129735
128726
8915
68184
5082
10687
136594
8440
137252
134035
658
87331
136407
2060
5540
135850
36178
137364
9910
10889
131253
141039
75168
35606
8236
12122
130417
12267
8180
7291
40587
133801
2060
4417
40844
55807
31399
7536
56913
3098
31656
40968
15202
3512
56760
37989
9471
31296
7435
68368
1482
74446
81639
137212
100939
489
2404
40621
4950
11375
137848
12894
56763
32194
5940
70866
7813
12706
68151
11374
4399
56672
136407
12199
862
20350
6843
56406
22495
9482
21371
67131
68475
10410
9970
21355
4719
8344
22906
9553
9268
12159
16357
15516
12065
36931
32160
10555
855
116117
116117
1375
1478
55467
429
3843
20078
1578
648
3889
3890
1824
7360
137248
22728
9663
7456
48088
234
8549
32798
43144
44919
8879
11825
2714
27075
12514
69132
6700
7474
2591
20661
56080
68153
2430
7639
5176
2556
56228
3308
5422
51668
20058
56439
2389
9917
41287
4718
23531
55731
4817
74
129551
137252
77
4691
5190
6291
55681
737
2263
74302
7964
37746
135759
84591
4520
3645
179
2180
22548
7231
7483
31106
41026
36085
17812
2670
69220
21941
15780
8824
23022
9148
18269
11814
10905
49533
10263
2764
20993
16371
18373
11605
31227
5513
28543
10622
12581
8440
15565
12896
18345
41138
32630
12995
13006
9027
2208
75059
12838
3440
12307
16996
134511
16531
72102
27890
19062
6288
8452
19484
9162
28544
32444
32350
524
10941
16988
12298
12942
18321
35425
90887
11253
12907
2667
32588
8328
33447
10078
64485
133999
41590
23598
19318
23741
12465
19617
134253
12248
8244
105328
9371
41355
18560
6036
10518
136278
10130
41200
32639
8175
18000
41646
38809
10787
5820
16354
5835
41678
10733
69422
10725
32415
22740
15522
41261
40693
41002
6222
3489
4792
4149
11836
3436
12328
32425
10180
9067
17576
1186
37622
7198
69237
12578
52
18728
44779
12431
32544
68166
45426
22761
40927
4302
1200
12957
13018
56334
79815
51900
8859
32764
12850
9337
41557
4528
2013
309
11520
38298
36476
45139
17900
8813
32310
12088
23529
4194
23652
17066
41718
134384
68184
37259
17792
72096
45975
1298
134035
81678
12261
12019
3536
7477
9912
11973
16635
41009
60
17027
123971
101524
7567
10591
23233
12472
8528
21183
4577
12141
3012
9972
121739
3075
22610
31203
32054
12253
4015
709
41228
37623
9885
55982
11865
6886
41756
68304
3281
11471
48034
27544
32289
3782
19037
229
8972
65126
8301
55849
10075
22767
111880
9233
68504
14156
48772
28302
44790
34923
121582
7927
130028
12978
6131
11920
60033
133815
10685
32473
41242
45950
32045
77409
5707
10708
41714
56788
1859
11360
9694
464
25228
17790
133894
12265
41489
2586
67804
8043
32615
19232
11576
11757
9894
12508
56565
32340
9896
9558
22411
10220
27550
55962
52094
39824
87707
11932
9013
12641
6564
11704
7976
12264
4760
7346
2484
15638
3144
4998
123434
18594
9911
13786
9230
56835
8731
7257
11229
12494
18223
10596
32375
12312
83546
13197
9782
11300
4702
11861
6332
18834
27410
5553
22219
11561
14314
30980
19366
124643
10003
731
19208
16344
11689
75208
11847
9038
2032
45811
49153
41867
105712
9656
23770
25745
57062
12672
36409
9837
137336
23493
23244
65284
17099
72110
22942
18611
6443
14116
32109
13066
18763
7069
5134
2340
129785
12860
65334
69371
16304
15214
16946
4993
34988
12448
32414
56029
1185
5982
20984
32392
15687
41307
32383
10772
45941
134635
10006
77648
121622
49912
16965
28297
8164
8823
12686
18393
18974
18182
11525
12183
4078
8332
3836
12732
10393
55762
1794
71837
18623
9334
11435
32754
911
55793
4997
11842
90789
2746
34718
34984
137366
9058
20655
9299
19038
11284
41670
9854
10108
4761
55842
23071
12771
35309
2376
32720
4017
11188
11629
12026
55427
11161
8073
11948
3934
18484
101669
18695
69150
36142
88508
41610
27083
56284
69174
72212
8987
44943
135945
9343
18237
13033
12959
52408
23459
11238
5981
75274
86731
11879
15927
17561
16973
431
17106
11654
100071
11289
55954
12279
1957
12605
70141
128621
9762
7262
7550
8802
38751
41229
5358
11174
11641
8477
15642
11799
17111
37897
57057
9418
28386
10940
67092
1603
3982
8433
27095
3619
23778
128448
15872
6699
135949
18139
1490
103869
10802
2166
37198
134485
17060
41263
8984
45668
11488
10683
62795
133162
15741
10219
18598
15436
1012
4814
22520
598
56677
4861
38260
4308
18021
134124
40870
128449
4773
49991
9595
38234
9897
8021
12819
8995
12096
107079
5082
22685
56279
8621
7659
9069
20910
24928
8997
23068
3911
9093
8225
73649
21330
45825
13241
13242
9842
11831
9289
2528
2400
18426
11461
14449
40822
11550
23708
51678
8176
41042
9266
32219
42221
45654
15025
18155
37457
91153
124
20897
14268
23067
104925
27024
44230
9444
8337
16332
5222
49516
72545
2762
18364
48742
13062
16313
15511
20138
12842
8077
32151
3901
28313
14386
16533
8846
44480
16349
11726
12474
19023
37707
12595
41022
9898
18175
11275
135711
2489
15931
11506
7191
19818
41368
10235
4845
38189
12606
32702
136716
69043
13624
17570
16323
16382
49784
9390
23665
9059
134354
8394
14160
137342
72101
2635
37756
16390
47480
72130
23384
12441
12161
8874
69028
9084
10962
69200
12074
960
12731
9602
41389
11517
35359
9696
12171
12334
11184
57009
9378
40929
9326
32235
10912
14667
56856
9655
69295
12243
32604
1496
18642
12356
8923
57027
35347
56358
17021
12637
10515
41210
86039
8878
20973
56555
32369
9161
35410
17644
88453
48322
55957
23090
10382
7155
78035
12601
12256
55769
11433
1135
11989
49463
10689
13612
18789
40823
116064
9509
12619
16944
11658
10764
8810
45841
16513
18218
77327
10687
73264
41588
32032
56710
41254
39330
40863
100777
10904
12105
11905
18193
56908
12495
11600
17762
28130
23087
8078
12674
134155
41147
3357
14208
77224
23356
8496
6149
16510
9147
12245
10745
33586
6042
38058
37636
81927
23378
15880
22976
11437
23116
1767
48572
4633
18968
8400
18706
9222
18641
7660
134761
8617
19952
11546
137391
32146
82588
11240
71010
17144
12988
18433
13655
8970
5482
9801
35977
31662
53366
9915
12232
9302
100724
32251
20931
8062
17077
15866
5048
50465
41587
11349
9573
13161
16352
65296
9249
8174
15012
90913
12049
13226
81828
27936
23430
18221
51110
19058
15797
40628
12315
9293
82362
10830
41205
14290
49525
1718
11714
34495
11927
1954
9548
11538
14831
18892
50045
12960
76567
17006
37847
45708
69217
56840
22633
8740
4664
10164
10426
21383
6182
115748
16927
7598
17634
68641
55827
77423
6059
5610
19853
13154
5354
12301
130480
74470
78002
3584
12749
9396
4131
22965
18938
4721
11387
32665
31978
41518
69533
7664
39986
48428
136125
55973
10529
10396
51905
13035
79568
130752
100777
46215
41183
49599
52371
88836
12775
49594
68489
41625
15591
35106
32599
49680
23682
40707
15886
37932
5092
3882
12630
18348
83472
14230
86883
23042
75316
32609
52652
45477
38105
12648
41900
57169
86846
135640
135850
85776
51655
9567
75251
19268
69361
49520
130062
38263
13546
1829
50171
45584
135610
52156
75226
12435
12623
49913
22910
36822
3964
8775
66198
10284
41627
69159
41538
18214
32284
41893
75225
32566
11382
52846
6636
31257
136556
7351
51881
9641
8122
17594
128654
23075
51463
49822
9613
15090
52649
45728
14748
77634
75283
68317
3802
49583
78036
20791
51460
68224
19183
50007
87288
27053
82436
134310
11572
9954
41618
66636
134338
12951
133339
17535
5782
49268
51916
10814
134103
5197
41305
7516
2475
116117
39203
2271
3413
966
48288
55454
68385
5183
22739
32460
1127
69052
74941
21165
8310
7318
4231
9472
134119
23158
32
10951
3851
123944
36398
4390
49467
21661
56433
68564
2690
129967
6821
13135
11936
50501
4852
10491
3476
9781
1046
12037
66961
3110
20396
658
11104
8915
1530
37459
55726
20423
10161
23371
2597
130459
48276
40776
1133
22824
41405
1260
20101
37830
136594
14468
49590
69306
16948
8721
11408
13159
69474
23543
8914
56414
41100
45381
134477
74500
134468
4150
56409
82283
28158
5671
26175
82592
86868
11101
49841
83509
49526
105870
27077
41137
12332
41190
41558
18967
86122
14738
5272
134489
49860
134496
134491
135984
12374
32110
128601
51893
8479
136636
12904
34623
45164
121570
17076
18291
13114
87213
90772
18762
8260
18682
23569
4926
32642
49236
20558
28235
12695
77362
82747
87502
1515
3577
48436
69485
8196
83773
8231
84642
69244
9410
82371
41861
87053
81895
28553
14978
82466
10598
8839
87044
138425
23366
10728
3610
77129
12676
56032
23435
51830
41862
21069
18759
9155
20003
130394
86241
7596
40726
33
134887
12718
1251
1884
68265
1132
1671
1323
4488
739
10628
78348
37723
68173
371
113560
897
7980
993
32204
20926
2708
69472
8604
6507
85014
57161
97412
38266
2297
43188
68548
40716
7785
105680
7688
7470
105668
7951
69170
994
68170
12523
7973
8618
2016
2267
13227
41726
