19231
139296
68268
82234
134039
49312
31589
77965
138774
133896
130065
19815
49614
41048
133896
52845
52147
41728
116108
83326
136038
140551
50959
140525
66004
134157
121602
1352
7998
136038
17739
8387
7920
140541
8387
140525
41215
2343
84663
136038
140541
134036
135820
47936
129590
15878
82234
129540
141171
134157
136038
134157
136495
137620
11650
130403
24938
37978
41098
3230
6384
14251
31165
68069
4048
31430
20969
3393
1117
47936
31386
101397
137653
90938
3116
20832
240
94517
128406
7547
123817
128226
7389
4384
99835
931
2680
3680
88782
115597
81737
4065
40711
4064
55963
10428
22878
5735
5188
7921
535
23420
38217
74393
23033
15858
20935
101542
49698
12602
23182
40880
16325
32550
32140
21355
14899
1764
26426
66194
6752
10189
131084
9256
4546
73888
20135
56150
37336
55561
55465
68082
37351
618
635
55440
81829
649
651
130684
38066
173
1720
12266
40924
37327
134519
68222
69222
62431
8192
11085
88554
11214
56428
62165
6700
7517
128606
137222
137259
47906
37567
4587
100780
100530
352
68471
37559
49481
68982
121490
75020
2282
37561
23580
4983
15863
997
94
81806
3912
2207
8280
21072
579
7658
20361
3438
3855
68260
3690
37665
20701
1779
3209
84591
396
1641
1029
31344
63
443
30951
14452
84746
41634
68080
14672
49844
27031
4218
12116
80199
9562
133125
15484
17555
18365
134084
13330
16331
88459
134511
10709
16297
9928
31232
79715
4075
4335
34922
11851
9162
11979
22696
3336
32272
115380
18790
2189
68318
7650
19617
7799
10199
8244
136277
66207
4996
8264
55728
136038
12837
32425
41638
87862
23555
68320
113769
48274
45664
11774
77852
15776
23692
48000
49348
20422
7186
48490
21083
119
11520
18467
22560
37711
17523
110727
26696
7984
9847
20851
23121
31081
55867
38202
4841
22631
13149
7253
7832
86923
18607
12607
3162
2636
3945
2595
22409
82510
135939
7929
1771
56540
32520
11350
51827
7751
1226
134317
70486
3363
10591
6599
1391
12254
2291
74962
9199
18920
475
23632
15878
11155
68992
44517
44
65339
37910
11130
8817
9521
122221
19218
43792
35416
10346
55848
101663
4011
4212
10475
9851
3064
68295
7645
37523
20990
18456
11743
110674
110674
134036
20861
21385
41090
3190
100376
32625
19633
5898
135684
52184
12455
78107
7249
2789
7892
10945
69108
4583
17625
55815
7439
9739
55953
43082
36455
19174
28697
43895
12084
16346
23110
32718
78160
2626
27855
353
19366
74971
49432
74300
20700
11863
16173
23097
12146
16917
76175
13029
15156
2108
7069
9
77127
12018
68306
69371
7438
69368
9231
4714
20984
10634
10126
133896
31512
82414
49912
124417
7915
53435
10895
32789
41653
191
22855
117389
18952
18953
32405
12707
75303
34984
12556
18444
41468
1710
74929
81914
10367
74578
89165
2760
87257
18414
65045
55427
1869
2953
33597
9757
4260
32570
3987
12027
9151
74305
68832
35370
10361
17056
40994
8937
3867
16970
28061
128446
5247
128447
35459
10132
9503
9700
136812
65318
136059
9149
19583
17780
8094
7839
8425
56998
9448
56783
10154
10160
32705
11693
41578
101447
17606
4975
12198
8763
11947
41769
10992
75138
4678
18859
4861
4773
23179
41622
8995
56119
4688
7745
10131
4475
128450
75204
10190
2546
4059
41573
10804
11832
9024
22778
71930
35317
12576
11734
19024
15025
45659
18564
33129
57056
17549
124247
393
75172
51570
1793
9692
7684
43567
129861
15891
36269
32572
18760
57050
7714
9426
56692
18898
18882
133862
48424
8443
41088
1493
14129
11595
18184
68496
20933
12659
18172
11465
9390
7920
78049
140551
11997
135959
140551
27040
14061
84621
2592
36170
85224
11264
56137
20532
105465
32235
9142
134005
87809
12030
10117
18873
87807
28246
104197
13107
3548
11666
26435
18858
21389
12043
7592
36381
134014
7308
19259
2492
32282
32465
28044
10765
19056
45138
1750
3608
7671
11933
9262
15129
38294
11077
69121
3573
12814
18986
69145
41690
14482
12174
134361
85288
2599
135963
45969
23487
12117
4347
12057
22472
27071
32020
1352
45620
20931
104136
133833
48189
9870
69297
12128
8841
11526
27936
136181
74359
2371
57094
52859
71928
5153
8015
2000
57091
32123
32548
134118
56461
12306
41103
116071
9926
76103
79011
32438
32667
75173
62172
1397
18639
11869
44445
20679
134039
12115
11455
32153
36428
31252
77706
74292
74378
110674
6343
69193
75164
56376
57041
12579
134759
31187
18799
47936
57005
77474
10254
17947
45141
14243
84638
3519
136038
17656
11479
77340
74923
12814
132671
75292
17650
17853
105457
18563
135610
45813
14115
18833
41661
136196
46116
10284
138897
11128
45456
49468
49840
4483
56766
79759
13074
12705
77947
18299
75047
28256
18612
52857
134311
134157
134039
134157
77971
136038
136038
10195
74943
82943
15446
1669
9441
37256
37340
73898
20453
137333
20516
48288
32440
68165
3683
99740
10324
41344
73803
137238
267
3472
86950
7318
68380
11015
10188
21084
32512
306
1219
21005
314
130637
55833
129967
6821
18662
13135
130458
13225
479
48692
11107
37907
74841
135989
9387
11266
22899
48099
32067
40828
55939
47953
101265
134157
134157
85232
9057
41255
79041
15445
32527
41215
28053
87397
87060
49975
45123
31279
51388
54379
83936
136207
37736
134157
57023
105972
10017
11390
32633
134157
83321
77343
135985
134157
51842
45669
45457
53443
134157
37956
47588
11436
76446
134420
12164
134157
49856
135939
77534
14978
38231
85810
56818
131425
116071
124477
134157
122114
23401
12921
17541
122129
15016
87221
12052
4443
10921
76542
899
1611
99709
2887
23489
7777
21043
3223
3659
37643
55703
68290
4213
3740
31129
136097
4021
55923
2343
55902
56331
12938
55629
128792
23411
10971
37520
8640
5214
8166
13579
41390
21263
21314
48099
9010
9446
69208
