293703
25545
64507
84005
24375
25756
100910869
64664
59085
64193
140671
114004
29580
25526
65152
116458
80278
81530
50561
170520
84497
171444
29237
24959
29308
171009
81761
116676
60357
100363484
140582
24259
64531
24765
24362
50663
24244
24242
65192
140669
65142
84395
84591
117243
56769
116593
140667
81925
85270
114592
84430
85256
156275
85260
29172
29240
114032
84020
114862
24561
63885
81677
29479
63886
24610
83820
113948
25237
79251
29387
24783
25724
114522
58856
65054
64822
59116
24370
171413
25497
25638
65209
29460
25165
100911581
29347
29749
54284
50546
50664
81526
64519

84470
81921
24412
25562
83631
29710
64624
116554
25272
65248
24678
29575
59304
24407
29422
29516
24566
50659
100911796
25370
60396
116500
60398
140928
25310
116839
64555
66031
81657
29155
116560
117098
171144
192209
170636
170578
24326
60664
79435
171056
25511
29467
192645
116683
192206
25700
24788
29197
29482
171296
680097
25620
24826
59077
81752
57021
56806
60460
29363
308586
24438
24439
29390
114205
83721
140938
83709
81734
689008
85472
54238
24367
85244
85327
64018
161452
25522
300965
24825
50683
114125
59305
64515
26759
64517
85425
192229
113902
83807
294270
360426
192228
252924
192189
171566
207113
171565
24888
83577
116668
246295
252853
29600
54348
361833
171574
246264
299208
83686
245985
100912430
64352
29254
259237
58964
79241
100912585
114509
81917
252918
688090
309622
25417
81002
361170
246151
170699
57029
25744
688228
100359982
303885
362671
364974
300744
100366121
100909537
691193
498416
499073
292101
303565
313020
100360077
362962
363192
301016
100911615
361676
301111
406165
287419
361722
361650
290651
288667
309177
311849
307868
296219
500545
64183
288238
361796
113990
288753
361370
306332
289753
296649
305235
293058
362851
366360
297436
684352
309109
313811
303330
246233
685612
312690
296136
287524
293589
100909729
287061
294324
305935
289783
293692
304663
25551
300751
363164
361565
361717
102554233
619573
362578
306587
360953
313977
362783
362483
360488
363760
498188
313346
316001
361381
311786
300675
288269
289993
303311
260327
287750
298943
305021
308758
314312
310785
289562
361407
361286
300114
301067
308993
361118
303575
295930
290843
299209
308441
292069
415064
298528
684270
116456
679907
361285
680945
299121
280670
290370
301618
246755
291565
312227
314523
362749
691849
361068
689030
362724
297437
360495
500200
315999
362963
313323
296121
500087
290986
360592
301068
100911841
293668
361834
690354
361221
299203
368042
500251
366848
296988
291433
300193
313387
360534
304503
296462
303222
298859
303342
290567
102238592
373541
290925
365215
362799
688786
361149
499314
362304
304396
315126
305464
114635
292793
289859
498709
315478
305149
299647
313873
361052
300266
309969
362428
362757
301085
373545
288591
296048
298075
100192313
363118
299521
291990
100912936
298848
300120
298748
689765
360961
309760
308757
499280
314126
315820
498233
360498
290228
308958
114515
619440
291975
296380
500700
363251
100363145
311886
83589
304578
304299
497932
300754
102547254
680210
361243
294004
362485
315173
300051
501196
361882
499214
296284
303673
362436
500225
312710
304291
362988
300644
684314
290303
312824
363285
289125
298767
306238
309681
315645
291661
361992
361765
309016
29454
294783
303580
680254
315088
362994
502894
297610
685697
305882
305667
313525
362592
100910581
684993
246307
685928
498891
171529
100910237
313208
287722
499871
689984
304656
287938
292554
311592
308579
100911627
499114
501015
682404
287653
287368
363055
362706
494520
259225
291023
360636
291852
315409
353251
500993
362726
287115
312516
309595
361532
366468
361588
316406
315962
297879
362437
115771
291676
100036765
316275
289280
304653
293711
316102
362358
300862
361634
361242
360577
680262
288257
303611
261730
102548047
362391
315330
100910173
303676
100911992
102554398
102556249
296936
316628
497983
689637
499558
297720
361044
100910536
498411
362802
366734
303772
304201
304445
308857
305452
296304
301351
293060
366988
100362120
313183
291673
100910823
296968
315000
293048
100362333
298098
298851
100359592
317627
499157
308458
314613
313033
252962
363027
302032
308708
501181
367214
314360
290655
304547
360720
100911993
362636
362505
290811
295663
305012
287388
309003
366507
361822
300763
363000
84392
317161
361730
501125
654441
246282
306469
289568
362548
292041
363018
315036
294667
500305
308873
102554881
315748
298441
685076
306810
361434
308607
310137
315578
297342
287094
102553222
100909784
296935
360479
362581
293613
290551
297969
368044
361658
307248
314600
302953
102556496
363220
286761
313678
298186
304104
688429
314637
311856
102554668
294993
288124
312651
500010
312077
299810
307949
313993
691231
679834
497860
303407
58974
499006
102547892
498097
307553
309430
309544
691938
685158
500666
100911690
293485
300696
303590
364510
313370
315264
689909
293783
311502
246757
314917
500066
362739
305477
304300
310091
298576
360741
102547597
361187
100911585
312707
308581
499204
290577
361519
362681
316211
304543
361437
24919
690407
308492
294408
289362
102549042
298543
299199
312937
300963
498662
502320
288585
64027
501162
290235
100911353
363035
315852
246776
310348
499895
311299
362272
498404
54295
296618
299147
288321
361956
310537
102554796
316432
686506
100911172
84409
361131
679312
294945
305540
497941
289928
308140
309790
689588
102549328
690693
498951
362359
500985
361751
316614
100910524
286998
685153
312226
312444
302470
312437
363144
499957
171057
293967
499806
287392
689055
102555063
687827
501101
100909866
102555594
100912214
362331
363110
192207
301446
289469
311429
687808
503018
307805
361354
315348
303968
362832
100910460
102556485
102547503
362787
102550543
102554078
309523
498060
309911
171339
288717
500204
314642
679692
102554657
292156
64646
360855
113901
307616
288478
502201
309126
361875
304984
361394
311936
680378
363093
308587
294390
502684
102547352
498675
684258
102556290
305552
300886
64312
102557108
100359541
313236
302935
100359595
292078
691223
287346
685646
308107
100362124
289233
117526
362987
498796
308283
312981
685859
363915
500981
360667
102553002
310486
691209
689748
314030
362793
499015
303830
304798
361402
363074
304735
302995
287603
312365
313775
498079
308776
313115
361898
303037
362711
293173
360643
100910487
499401
100361660
363254
298182
288743
685474
303596
311715
500069
308218
100362155
317590
289504
361419
689210
364755
290500
301027
308923
311854
295107
100912695
305589
361202
619581
361606
312200
684122
360922
362019
308212
304318
361301
294336
362375
296554
117517
361384
288734
313050
288617
290291
304719
286895
309156
502479
298676
58967
360853
361625
303016
102551140
500255
688272
266998
306344
690895
362595
266688
102551211
308337
100909986
501668
362700
102555217
498667
289657
362969
501046
498805
315655
287418
289716
304775
313365
102547290
100910745
100362347
361415
289949
501747
688765
252893
100912202
102554727
100910207
289881
362750
100912483
301295
364033
313019
361296
308361
314320
286975
683980
680424
499281
301381
100909901
315298
362187
60669
303592
299194
690126
684841
684819
684762
310678
315804
364995
406196
369018
690043
313169
100361584
298442
286970
366061
690217
309465
362580
500261
500030
295237
363681
100361960
361718
102551929
102555319
100911090
102549880
100361588
679958
689639
316318
306011
362712
102555525
362319
288482
499095
499721
362052
302991
114858
298524
305497
100910867
498278
363924
286758
295483
295019
298532
362833
311349
305918
499528
113910
686091
360692
360726
691024
362156
315073
497957
100360867
306883
500762
304654
102551114
309451
360619
304650
296130
297783
500118
282580
312927
498547
304743
303538
361500
315465
300057
687346
500534
309591
688611
303212
291847
306872
100360777
290280
365550
361094
686841
500945
100911347
100363178
311396
311167
365394
689197
297173
315094
361946
298296
680006
287463
292535
501158
680752
292267
245978
691556
501147
363167
292684
681210
293156
306252
246304
498415
303242
301579
501048
362238
366261
100359753
303499
288204
499437
316775
100912373
500511
367235
303236
100911038
303029
124451
497934
304669
363268
498918
308434
29328
25104
25413
29248
116728
24616
116475
29510
81715
25304
84029
89868
171085
29634
116648
64443
25604
66016
79111
65270
114206
58852
84472
50556
85262
170925
85257
25100
360445
54302
25276
140929
100911721
65194
171074
25561
60433
59314
24584
83572
29885
24163
192245
100911485
64476
24916
246144
50998
100310874
89803
286997
140729
286919
100912538
170895
252923
63881
679994
316213
362102
684259
685131
373542
294231
84479
288003
500715
363272
259229
362081
309014
362414
291150
287456
311802
687118
298541
362224
361649
361567
246768
290829
306253
301323
303250
300062
360650
362971
503165
361069
299507
293117
361805
308453
288498
288921
282584
289491
305348
100910342
315939
303907
363332
362957
361767
102547830
291737
360659
315222
313507
311670
102551085
363544
294287
100911746
287383
100911725
54283
306570
315484
366013
289707
297392
287533
499913
315746
305434
311959
304053
683897
308637
287476
689207
679082
305242
309646
292874
301266
293950
260321
100190936
360646
497961
287836
312903
309828
306814
361443
315524
679342
315676
102552625
362594
305349
309145
686132
367092
308445
312677
100911360
361646
366964
500105
308794
292087
360847
303394
680216
360912
291618
499749
312511
312301
288106
102555126
366568
500084
690442
103693948
289342
366517
100363642
366872
100362431
311630
299153
298688
295323
102546354
100910231
499124
406168
315145
501126
309252
500692
365389
295265
102555078
288907
680537
102554879
301121
296311
361818
366174
287457
259167
102555079
303537
300455
362617
690183
681138
362293
310681
365345
313771
298002
361054
364475
295106
303140
289934
498728
366478
367085
360867
361478
102552463
360775
499413
287371
309809
363676
316238
362944
361317
361853
102555408
500227
301617
296167
310807
102549303
361458
314704
102553190
305910
500818
286976
361244
298018
361169
500442
313772
287845
100910508
361856
362412
100363368
499331
362368
302884
303433
100912353
305156
287101
500689
500549
291327
293886
306765
291527
102548848
100911990
303369
297607
303395
292820
291409
502503
305579
361126
361506
291022
300030
685691
310261
690035
309641
309373
300443
313618
367153
363198
306338
312320
362818
363139
500288
314190
360560
102552284
498289
305491
499966
315665
315652
299599
361410
291759
100910384
353303
295052
315427
301525
288369
289094
84592
408244
296086
104968332
362056
300121
313138
360937
338418
500286
316616
288025
307855
689399
316235
362463
362765
306464
501121
689656
689618
362122
305287
362549
305684
100909834
689582
314169
24685
65023
287607
313551
295319
501069
362838
100910196
288449
100910427
498179
360637
307925
300074
301230
102547990
102555718
301235
307839
361879
102550198
295496
102546433
373066
100362311
498831
289152
499505
102547686
684771
102549278
102552773
303637
100188933
364514
684934
500132
680794
297757
304887
102557526
498095
312654
102549376
103693432
682431
688126
100270669
290798
361438
102556416
300122
365227
246772
499891
102552970
300141
289502
316732
100365542
102549483
292129
360792
314393
102551542
361541
683404
290326
290802
498029
307024
316313
641528
685664
100361177
360483
288657
689108
500623
287867
293494
304539
361974
364705
102554938
289001
681936
686610
365770
308097
366631
298500
360506
685879
315072
501183
292765
64828
64053
83819
84022
24571
287661
500226
497900
361780
303165
303605
306066
310732
690422
171378
58921
310411
170546
500111
500685
288264
303534
500316
316412
501127
298096
296161
314416
683514
102555246
94267
366277
300036
290833
302913
303470
295241
360673
299139
297971
363077
309630
294260
303514
